<NumSuperStates> 5
<NumStates> 3 6 6 6 3 
<NumMixtures> 3 3 3 3 3 3 3 3 3 3 3 3 3 3 3 3 3 3 3 3 3 3 3 3 
<VecSize> 9
<BeginExternalHMM>
<NumStates> 5
<TransP>
-0.100083 -2.351375 -10000000000.000000 -10000000000.000000 -10000000000.000000 
-10000000000.000000 -0.070618 -2.685577 -10000000000.000000 -10000000000.000000 
-10000000000.000000 -10000000000.000000 -0.080043 -2.564949 -10000000000.000000 
-10000000000.000000 -10000000000.000000 -10000000000.000000 -0.058840 -2.862201 
-10000000000.000000 -10000000000.000000 -10000000000.000000 -10000000000.000000 0.000000 
<EndExternalHMM>
<BeginEmbeddedHMM>
<NumStates> 3
<State> 0
<NumMixes> 3
<Mixture> 0 <Weight> 0.292222
<Mean>
1911.494263 136.129272 -41.422054 146.003799 -119.330795 13.657795 -44.444866 15.859316 25.076046 
<Inverted_Deviation>
0.005004 0.005842 0.019170 0.005838 0.008514 0.013475 0.019173 0.013687 0.012195 
<LogVarVal> 46.414398
<Mixture> 1 <Weight> 0.255556
<Mean>
1309.056519 274.960846 33.947826 335.795624 72.408691 -73.513039 46.221737 -84.491302 -41.817390 
<Inverted_Deviation>
0.004225 0.007973 0.019312 0.009694 0.006663 0.010960 0.013627 0.011178 0.011272 
<LogVarVal> 46.832676
<Mixture> 2 <Weight> 0.452222
<Mean>
903.481567 5.292383 30.029484 29.997543 72.506142 17.533169 49.882065 17.007370 7.692874 
<Inverted_Deviation>
0.010399 0.008783 0.026961 0.007339 0.012123 0.025402 0.020498 0.019239 0.035233 
<LogVarVal> 42.249809
<State> 1
<NumMixes> 3
<Mixture> 0 <Weight> 0.537787
<Mean>
1125.725098 -53.498985 4.586558 -38.814667 14.576375 0.590631 66.513245 -8.346232 0.932790 
<Inverted_Deviation>
0.008130 0.010313 0.032231 0.004462 0.011228 0.031590 0.014856 0.020040 0.040581 
<LogVarVal> 42.652790
<Mixture> 1 <Weight> 0.148959
<Mean>
2086.419189 -99.727943 -16.669117 -96.750000 -30.433825 -9.264706 -79.367645 -6.316176 2.227941 
<Inverted_Deviation>
0.004081 0.010521 0.031981 0.006061 0.015278 0.034506 0.017077 0.036371 0.044607 
<LogVarVal> 41.797367
<Mixture> 2 <Weight> 0.313253
<Mean>
1513.979004 -107.377625 -5.548951 -312.744751 12.325174 11.863636 -12.391608 29.055944 1.751748 
<Inverted_Deviation>
0.004238 0.006941 0.020619 0.008335 0.012966 0.031050 0.009527 0.022627 0.031922 
<LogVarVal> 43.958435
<State> 2
<NumMixes> 3
<Mixture> 0 <Weight> 0.329746
<Mean>
1493.925781 -240.964386 28.145401 279.845703 -8.548962 -38.635014 27.922848 44.172108 0.246291 
<Inverted_Deviation>
0.003327 0.005915 0.012990 0.008736 0.008537 0.018735 0.012553 0.022356 0.025611 
<LogVarVal> 45.655052
<Mixture> 1 <Weight> 0.307241
<Mean>
1228.152832 115.500000 35.907642 -148.573257 -143.136948 23.824841 86.949043 -19.955414 -13.111465 
<Inverted_Deviation>
0.003884 0.004774 0.011939 0.003462 0.008616 0.012251 0.010876 0.013381 0.019053 
<LogVarVal> 48.092522
<Mixture> 2 <Weight> 0.363014
<Mean>
2103.649658 -35.142857 -47.048515 -13.644204 85.587601 9.415094 -47.940701 -13.784367 8.727762 
<Inverted_Deviation>
0.004671 0.004182 0.017663 0.003513 0.012753 0.017625 0.016203 0.021402 0.023645 
<LogVarVal> 45.794128
<TransP>
-0.072571 -2.659260 -10000000000.000000 
-10000000000.000000 -0.071500 -2.673601 
-10000000000.000000 -10000000000.000000 0.000000 
<EndEmbeddedHMM>
<BeginEmbeddedHMM>
<NumStates> 6
<State> 0
<NumMixes> 3
<Mixture> 0 <Weight> 0.165529
<Mean>
1106.010254 270.546387 178.546387 90.216492 95.185562 -13.226804 22.515463 -2.041237 -20.000000 
<Inverted_Deviation>
0.004376 0.005457 0.008742 0.008793 0.007974 0.008299 0.033832 0.020141 0.018741 
<LogVarVal> 46.158817
<Mixture> 1 <Weight> 0.501706
<Mean>
878.302673 -88.931969 32.173470 -32.251701 36.877552 13.646258 6.397959 11.506803 0.442177 
<Inverted_Deviation>
0.009189 0.009866 0.018820 0.015695 0.016330 0.027325 0.042118 0.037025 0.042174 
<LogVarVal> 39.930977
<Mixture> 2 <Weight> 0.332765
<Mean>
1130.574341 -127.266670 -18.441027 -64.435898 -22.841026 11.312820 -15.687180 10.902564 11.082051 
<Inverted_Deviation>
0.007640 0.011055 0.017530 0.008617 0.018807 0.027113 0.034694 0.028276 0.045999 
<LogVarVal> 40.915623
<State> 1
<NumMixes> 3
<Mixture> 0 <Weight> 0.281407
<Mean>
1291.169678 -94.174110 2.750000 107.191971 -31.875002 -4.821429 0.941964 1.495536 -3.250000 
<Inverted_Deviation>
0.009389 0.015478 0.044627 0.006769 0.020211 0.057187 0.018441 0.041124 0.070711 
<LogVarVal> 38.689072
<Mixture> 1 <Weight> 0.330402
<Mean>
1582.327026 -95.410645 -9.908745 -34.596958 -17.372623 -0.547529 -36.114067 -1.676806 1.030418 
<Inverted_Deviation>
0.007440 0.012609 0.052045 0.007230 0.028892 0.058418 0.027290 0.040367 0.070711 
<LogVarVal> 38.155067
<Mixture> 2 <Weight> 0.388191
<Mean>
1080.042114 -7.482201 6.588997 49.514565 -20.330097 0.317152 16.058252 -3.368932 -0.055016 
<Inverted_Deviation>
0.011612 0.017683 0.065454 0.013077 0.029821 0.067133 0.015839 0.037355 0.070711 
<LogVarVal> 37.000782
<State> 2
<NumMixes> 3
<Mixture> 0 <Weight> 0.371891
<Mean>
1517.150513 -28.290970 -1.528428 253.508362 -14.448160 -2.371238 8.304348 0.314381 1.050167 
<Inverted_Deviation>
0.006703 0.010751 0.029818 0.009400 0.017080 0.044587 0.010576 0.025225 0.052345 
<LogVarVal> 41.228107
<Mixture> 1 <Weight> 0.446517
<Mean>
1814.030640 -37.487465 -1.947075 48.245125 -12.376044 4.089137 -30.980501 -6.662952 -1.459610 
<Inverted_Deviation>
0.009659 0.016780 0.033797 0.007275 0.018137 0.038313 0.018218 0.032646 0.052321 
<LogVarVal> 39.838894
<Mixture> 2 <Weight> 0.181592
<Mean>
1233.226074 -20.232876 10.000000 134.150681 -5.835617 -0.815068 75.513695 -13.547945 -1.500000 
<Inverted_Deviation>
0.008693 0.009552 0.030572 0.009009 0.015590 0.032105 0.014927 0.034238 0.059825 
<LogVarVal> 40.739876
<State> 3
<NumMixes> 3
<Mixture> 0 <Weight> 0.174837
<Mean>
1656.570068 -127.682236 7.093458 323.140167 24.065420 -28.813084 5.074766 33.317757 -5.196261 
<Inverted_Deviation>
0.005093 0.012966 0.034405 0.006457 0.013262 0.041952 0.007836 0.021443 0.040065 
<LogVarVal> 42.591515
<Mixture> 1 <Weight> 0.748366
<Mean>
2093.449707 -61.113537 -3.515284 82.310043 2.292577 -7.021834 -22.545853 3.585153 0.338428 
<Inverted_Deviation>
0.005433 0.018787 0.044541 0.008952 0.022284 0.050867 0.017727 0.042425 0.070711 
<LogVarVal> 38.792664
<Mixture> 2 <Weight> 0.076797
<Mean>
1341.042480 3.808511 -32.851063 11.425531 -9.319149 11.638297 61.829784 18.936169 -8.212766 
<Inverted_Deviation>
0.007318 0.005425 0.012872 0.009771 0.008322 0.011325 0.022921 0.016666 0.021484 
<LogVarVal> 45.246529
<State> 4
<NumMixes> 3
<Mixture> 0 <Weight> 0.493540
<Mean>
2134.544434 93.565445 -54.109947 -31.350786 93.345551 -15.392671 -42.612564 7.340314 -3.136126 
<Inverted_Deviation>
0.005772 0.008168 0.028675 0.007675 0.018066 0.032905 0.024218 0.027043 0.044559 
<LogVarVal> 41.404842
<Mixture> 1 <Weight> 0.250646
<Mean>
1755.907104 -20.494844 -84.659790 115.484535 121.680412 -26.876287 -21.958763 13.340206 10.649485 
<Inverted_Deviation>
0.005142 0.005730 0.009782 0.006638 0.012115 0.020831 0.012549 0.023442 0.034193 
<LogVarVal> 45.017555
<Mixture> 2 <Weight> 0.255814
<Mean>
1168.302979 -32.363636 17.484848 99.020203 -7.898990 -5.373737 38.484848 -3.363636 -1.111111 
<Inverted_Deviation>
0.005452 0.006371 0.015611 0.008749 0.016212 0.024429 0.012345 0.019271 0.031102 
<LogVarVal> 43.965637
<State> 5
<NumMixes> 3
<Mixture> 0 <Weight> 0.378065
<Mean>
1551.272949 368.423187 -47.075085 -115.699654 27.819111 58.546074 -16.293514 -25.191126 5.972696 
<Inverted_Deviation>
0.003226 0.006519 0.006380 0.007119 0.008499 0.014948 0.028038 0.028524 0.024021 
<LogVarVal> 45.751568
<Mixture> 1 <Weight> 0.401290
<Mean>
1024.922852 82.440514 128.578781 -10.180064 -97.286171 15.083601 15.006431 -7.967845 -0.247588 
<Inverted_Deviation>
0.005460 0.004034 0.006860 0.009135 0.010057 0.015167 0.036134 0.031739 0.029038 
<LogVarVal> 44.650097
<Mixture> 2 <Weight> 0.220645
<Mean>
1453.023438 -450.777771 104.859650 127.894737 -35.222221 -65.584793 4.093567 20.748539 -8.789474 
<Inverted_Deviation>
0.002754 0.006271 0.003992 0.012292 0.007154 0.009781 0.049298 0.038855 0.020290 
<LogVarVal> 45.763035
<TransP>
-0.162720 -1.895983 -10000000000.000000 -10000000000.000000 -10000000000.000000 -10000000000.000000 
-10000000000.000000 -0.117155 -2.202262 -10000000000.000000 -10000000000.000000 -10000000000.000000 
-10000000000.000000 -10000000000.000000 -0.115919 -2.212262 -10000000000.000000 -10000000000.000000 
-10000000000.000000 -10000000000.000000 -10000000000.000000 -0.155241 -1.939395 -10000000000.000000 
-10000000000.000000 -10000000000.000000 -10000000000.000000 -10000000000.000000 -0.257981 -1.481088 
-10000000000.000000 -10000000000.000000 -10000000000.000000 -10000000000.000000 -10000000000.000000 0.000000 
<EndEmbeddedHMM>
<BeginEmbeddedHMM>
<NumStates> 6
<State> 0
<NumMixes> 3
<Mixture> 0 <Weight> 0.090090
<Mean>
1100.799927 198.059998 186.360001 -10.900000 -7.840000 5.060000 -2.540000 -2.600000 0.640000 
<Inverted_Deviation>
0.007318 0.011535 0.017944 0.034115 0.028659 0.019734 0.043384 0.048148 0.031526 
<LogVarVal> 39.035374
<Mixture> 1 <Weight> 0.423423
<Mean>
948.221252 -79.868080 24.382978 2.221277 -10.680851 -5.017021 -1.289362 0.685106 -0.489362 
<Inverted_Deviation>
0.013422 0.015107 0.019337 0.045102 0.038993 0.039349 0.070711 0.060282 0.070711 
<LogVarVal> 35.285976
<Mixture> 2 <Weight> 0.486486
<Mean>
1096.855591 -21.151852 -26.500000 -7.044444 12.766666 0.833333 -4.537037 0.440741 0.781481 
<Inverted_Deviation>
0.015562 0.015276 0.022927 0.033130 0.040942 0.065003 0.070711 0.070711 0.070711 
<LogVarVal> 34.554844
<State> 1
<NumMixes> 3
<Mixture> 0 <Weight> 0.844311
<Mean>
1003.891785 11.097517 7.489361 -14.604609 0.460993 0.640071 7.335106 -3.015957 -0.026596 
<Inverted_Deviation>
0.012049 0.020841 0.038552 0.014743 0.038421 0.043543 0.028497 0.043183 0.052029 
<LogVarVal> 36.962929
<Mixture> 1 <Weight> 0.155689
<Mean>
1258.086548 -40.951923 4.144231 -72.096153 14.586539 4.307693 -20.067308 3.182693 -0.076923 
<Inverted_Deviation>
0.006739 0.025745 0.070711 0.013813 0.031807 0.061089 0.037398 0.056967 0.070711 
<LogVarVal> 35.785988
<Mixture> 2 <Weight> 0.000000
<Mean>
0.000000 0.000000 0.000000 0.000000 0.000000 0.000000 0.000000 0.000000 0.000000 
<Inverted_Deviation>
0.070711 0.070711 0.070711 0.070711 0.070711 0.070711 0.070711 0.070711 0.070711 
<LogVarVal> 28.993713
<State> 2
<NumMixes> 3
<Mixture> 0 <Weight> 0.347039
<Mean>
1114.872070 -54.639812 31.763035 -43.696686 14.426540 -11.000000 19.014219 -1.919431 0.023697 
<Inverted_Deviation>
0.009015 0.008130 0.015539 0.010880 0.012860 0.017747 0.025988 0.025324 0.030447 
<LogVarVal> 42.560623
<Mixture> 1 <Weight> 0.386513
<Mean>
1369.365967 -166.387222 65.229782 -46.608509 -2.595745 7.906383 -3.540425 8.812766 -5.821276 
<Inverted_Deviation>
0.007799 0.003728 0.007056 0.010140 0.008388 0.013111 0.018580 0.019376 0.027498 
<LogVarVal> 45.780426
<Mixture> 2 <Weight> 0.266447
<Mean>
1721.463013 -336.234558 -127.481483 -49.969135 18.382717 -17.598766 -14.580247 17.253086 10.691359 
<Inverted_Deviation>
0.005704 0.005152 0.004398 0.009672 0.007998 0.009126 0.018241 0.025352 0.018408 
<LogVarVal> 46.850491
<State> 3
<NumMixes> 3
<Mixture> 0 <Weight> 0.316190
<Mean>
1612.192749 277.192749 -13.337349 -217.963852 26.596384 59.072289 -10.156626 -52.331322 3.518072 
<Inverted_Deviation>
0.004631 0.006015 0.005667 0.010356 0.006941 0.014002 0.016094 0.018329 0.015983 
<LogVarVal> 46.886848
<Mixture> 1 <Weight> 0.379048
<Mean>
1133.095459 95.879395 52.025124 -90.989952 -57.597988 -19.949749 46.834171 14.080401 -6.984924 
<Inverted_Deviation>
0.005539 0.006493 0.014144 0.006218 0.013951 0.019720 0.021654 0.022959 0.025928 
<LogVarVal> 44.180424
<Mixture> 2 <Weight> 0.304762
<Mean>
1979.912476 44.093750 -79.825005 -27.981251 64.412498 -21.962500 -48.812500 12.743751 0.931250 
<Inverted_Deviation>
0.007995 0.005496 0.006994 0.008150 0.010325 0.017928 0.021655 0.017788 0.026772 
<LogVarVal> 45.033009
<State> 4
<NumMixes> 3
<Mixture> 0 <Weight> 0.374010
<Mean>
1191.338989 -127.080505 24.627119 -44.449154 14.343221 -6.245763 25.093220 -3.411017 0.762712 
<Inverted_Deviation>
0.004927 0.011624 0.020117 0.008097 0.020691 0.024988 0.011455 0.019390 0.024350 
<LogVarVal> 43.336521
<Mixture> 1 <Weight> 0.232964
<Mean>
1551.612183 -109.925171 26.537415 -200.068024 -28.013605 26.646257 -13.816326 18.789116 -7.455782 
<Inverted_Deviation>
0.007799 0.006315 0.021827 0.010169 0.014552 0.026136 0.013805 0.019584 0.029629 
<LogVarVal> 43.092094
<Mixture> 2 <Weight> 0.393027
<Mean>
1797.072510 -30.028225 -14.197580 -28.459677 -41.040321 0.802419 -28.350805 -4.887096 2.483871 
<Inverted_Deviation>
0.007562 0.007453 0.021222 0.008179 0.012020 0.026332 0.018344 0.028056 0.043430 
<LogVarVal> 42.360737
<State> 5
<NumMixes> 3
<Mixture> 0 <Weight> 0.286807
<Mean>
1604.353394 168.620010 -181.066666 -16.433334 -12.326667 -21.613335 -3.113333 2.640000 4.246667 
<Inverted_Deviation>
0.005489 0.005350 0.009823 0.009290 0.011124 0.017710 0.020893 0.020008 0.037519 
<LogVarVal> 44.483929
<Mixture> 1 <Weight> 0.330784
<Mean>
1010.393066 48.341038 54.260113 -32.017342 -11.341041 11.965318 3.317919 -3.994220 0.080925 
<Inverted_Deviation>
0.006022 0.007172 0.006937 0.013146 0.012623 0.013430 0.026872 0.021528 0.025746 
<LogVarVal> 44.300835
<Mixture> 2 <Weight> 0.382409
<Mean>
1323.650024 309.174988 57.500000 -21.189999 25.785000 7.910000 -4.165000 -2.715000 -0.135000 
<Inverted_Deviation>
0.006031 0.006849 0.005401 0.015903 0.010564 0.012713 0.025475 0.021477 0.024779 
<LogVarVal> 44.732178
<TransP>
-0.151452 -1.962259 -10000000000.000000 -10000000000.000000 -10000000000.000000 -10000000000.000000 
-10000000000.000000 -0.124166 -2.147579 -10000000000.000000 -10000000000.000000 -10000000000.000000 
-10000000000.000000 -10000000000.000000 -0.137298 -2.053466 -10000000000.000000 -10000000000.000000 
-10000000000.000000 -10000000000.000000 -10000000000.000000 -0.160840 -1.906689 -10000000000.000000 
-10000000000.000000 -10000000000.000000 -10000000000.000000 -10000000000.000000 -0.131948 -2.090597 
-10000000000.000000 -10000000000.000000 -10000000000.000000 -10000000000.000000 -10000000000.000000 0.000000 
<EndEmbeddedHMM>
<BeginEmbeddedHMM>
<NumStates> 6
<State> 0
<NumMixes> 3
<Mixture> 0 <Weight> 0.171010
<Mean>
1100.485718 261.228577 160.600006 -13.495238 -9.380953 -6.942857 0.638095 -13.400001 -4.771429 
<Inverted_Deviation>
0.005000 0.007326 0.011086 0.009760 0.008010 0.018275 0.019994 0.024396 0.026544 
<LogVarVal> 44.581234
<Mixture> 1 <Weight> 0.721498
<Mean>
832.772034 -46.291199 33.304741 13.693003 -12.785553 -6.930023 5.625282 1.690745 0.819413 
<Inverted_Deviation>
0.008312 0.010058 0.019500 0.015940 0.015814 0.022986 0.033620 0.031708 0.033778 
<LogVarVal> 40.768513
<Mixture> 2 <Weight> 0.107492
<Mean>
982.818237 29.348486 -48.696972 -205.575760 -49.621212 66.757576 50.939396 51.530304 -6.484848 
<Inverted_Deviation>
0.006172 0.005766 0.006337 0.010694 0.006297 0.009702 0.014760 0.014175 0.013203 
<LogVarVal> 47.496624
<State> 1
<NumMixes> 3
<Mixture> 0 <Weight> 0.510229
<Mean>
1182.398560 -16.943396 -7.344340 19.122643 -7.219340 4.865566 -5.240566 1.113208 -0.846698 
<Inverted_Deviation>
0.010052 0.015199 0.042017 0.027782 0.037090 0.070711 0.070522 0.070711 0.070711 
<LogVarVal> 34.584499
<Mixture> 1 <Weight> 0.000000
<Mean>
0.000000 0.000000 0.000000 0.000000 0.000000 0.000000 0.000000 0.000000 0.000000 
<Inverted_Deviation>
0.070711 0.070711 0.070711 0.070711 0.070711 0.070711 0.070711 0.070711 0.070711 
<LogVarVal> 28.993713
<Mixture> 2 <Weight> 0.489771
<Mean>
1023.567566 -37.368549 -27.046682 31.513514 8.307125 -3.412776 -0.656020 -2.547911 3.574939 
<Inverted_Deviation>
0.014428 0.008228 0.024648 0.019411 0.028822 0.039371 0.059954 0.059606 0.070711 
<LogVarVal> 36.899742
<State> 2
<NumMixes> 3
<Mixture> 0 <Weight> 0.161259
<Mean>
1200.817017 44.280487 20.176828 110.567070 -40.560974 0.725610 -5.939024 -4.500000 1.920732 
<Inverted_Deviation>
0.007791 0.005788 0.012662 0.012674 0.016853 0.029956 0.028895 0.034808 0.051897 
<LogVarVal> 41.347153
<Mixture> 1 <Weight> 0.097345
<Mean>
1465.100952 -82.282829 -35.444443 144.696976 -43.464645 -1.767677 -13.969697 3.393939 -2.050505 
<Inverted_Deviation>
0.009481 0.006525 0.017879 0.005100 0.016226 0.045177 0.028816 0.056399 0.065691 
<LogVarVal> 40.507778
<Mixture> 2 <Weight> 0.741396
<Mean>
911.090149 5.627321 10.690981 3.424403 5.035809 1.847480 12.618037 -2.543766 -1.200265 
<Inverted_Deviation>
0.012502 0.015440 0.044077 0.012272 0.023731 0.051437 0.019897 0.037639 0.069722 
<LogVarVal> 37.794613
<State> 3
<NumMixes> 3
<Mixture> 0 <Weight> 0.332457
<Mean>
1761.446655 -105.980240 -33.181820 178.786575 79.138344 -3.126482 -50.525692 -6.707510 9.071147 
<Inverted_Deviation>
0.006541 0.007272 0.012204 0.006775 0.010220 0.013538 0.009759 0.013840 0.019729 
<LogVarVal> 46.226395
<Mixture> 1 <Weight> 0.277267
<Mean>
1335.037964 -185.246460 23.303318 220.919434 -38.137444 -20.976305 38.744076 14.540285 -12.336493 
<Inverted_Deviation>
0.005951 0.008448 0.013577 0.007665 0.009322 0.015975 0.008065 0.013986 0.018738 
<LogVarVal> 46.099014
<Mixture> 2 <Weight> 0.390276
<Mean>
1051.565674 -83.148148 21.686869 25.919191 -14.303030 5.579124 21.808081 -5.636364 0.111111 
<Inverted_Deviation>
0.010176 0.016246 0.023902 0.006811 0.012817 0.025690 0.010498 0.018615 0.034739 
<LogVarVal> 42.500767
<State> 4
<NumMixes> 3
<Mixture> 0 <Weight> 0.699700
<Mean>
1787.098755 34.888412 -17.358370 -1.251073 1.748927 7.656652 -5.253219 -1.103004 -1.489270 
<Inverted_Deviation>
0.005744 0.012449 0.020762 0.015777 0.021022 0.036528 0.029584 0.036920 0.051231 
<LogVarVal> 39.683575
<Mixture> 1 <Weight> 0.163664
<Mean>
1532.807251 -164.724762 -35.394493 52.779816 11.394495 -7.045871 21.357798 25.623852 0.715596 
<Inverted_Deviation>
0.008627 0.007714 0.016094 0.007783 0.012993 0.020030 0.015446 0.024694 0.033436 
<LogVarVal> 43.277580
<Mixture> 2 <Weight> 0.136637
<Mean>
1293.747314 -116.615387 15.604396 -51.428574 -16.241758 13.769231 -0.219780 17.417583 -4.934066 
<Inverted_Deviation>
0.008730 0.005924 0.012485 0.013187 0.017566 0.025914 0.014969 0.023742 0.040954 
<LogVarVal> 42.565136
<State> 5
<NumMixes> 3
<Mixture> 0 <Weight> 0.363636
<Mean>
1496.898071 136.532898 -91.516449 -28.483553 -10.960526 5.598684 -5.654605 4.996711 13.786184 
<Inverted_Deviation>
0.005332 0.003973 0.005944 0.004581 0.008132 0.009400 0.015403 0.014216 0.015892 
<LogVarVal> 48.472240
<Mixture> 1 <Weight> 0.285885
<Mean>
1201.372314 261.665253 83.213387 59.301254 24.974895 -29.945606 5.577406 -22.995815 -1.644351 
<Inverted_Deviation>
0.006247 0.006339 0.006420 0.008409 0.008573 0.013245 0.016168 0.019442 0.018836 
<LogVarVal> 46.235100
<Mixture> 2 <Weight> 0.350478
<Mean>
960.757629 -40.597267 41.856655 -17.788395 39.003410 10.337884 23.409555 4.706484 -6.481228 
<Inverted_Deviation>
0.004528 0.006084 0.006280 0.006727 0.010173 0.013329 0.020563 0.022723 0.024968 
<LogVarVal> 45.987560
<TransP>
-0.187547 -1.766035 -10000000000.000000 -10000000000.000000 -10000000000.000000 -10000000000.000000 
-10000000000.000000 -0.135080 -2.068670 -10000000000.000000 -10000000000.000000 -10000000000.000000 
-10000000000.000000 -10000000000.000000 -0.108972 -2.270652 -10000000000.000000 -10000000000.000000 
-10000000000.000000 -10000000000.000000 -10000000000.000000 -0.148473 -1.980673 -10000000000.000000 
-10000000000.000000 -10000000000.000000 -10000000000.000000 -10000000000.000000 -0.171569 -1.847329 
-10000000000.000000 -10000000000.000000 -10000000000.000000 -10000000000.000000 -10000000000.000000 0.000000 
<EndEmbeddedHMM>
<BeginEmbeddedHMM>
<NumStates> 3
<State> 0
<NumMixes> 3
<Mixture> 0 <Weight> 0.425121
<Mean>
1187.806885 311.795471 81.727272 37.693184 26.840910 -26.505682 -19.596592 -27.579546 -11.090909 
<Inverted_Deviation>
0.005886 0.007493 0.007427 0.005842 0.008115 0.009440 0.013184 0.014523 0.014794 
<LogVarVal> 47.476864
<Mixture> 1 <Weight> 0.297101
<Mean>
912.138184 30.471544 53.113819 24.959349 22.585365 19.902439 3.227642 4.065041 -3.422764 
<Inverted_Deviation>
0.012560 0.006814 0.011109 0.014703 0.011988 0.013695 0.021721 0.015364 0.017455 
<LogVarVal> 44.004917
<Mixture> 2 <Weight> 0.277778
<Mean>
1559.347778 130.147827 -93.695648 -41.669563 -82.443474 6.843478 -57.626083 -1.139130 20.226086 
<Inverted_Deviation>
0.004043 0.004288 0.006360 0.004337 0.007237 0.009285 0.011994 0.011122 0.016343 
<LogVarVal> 49.256287
<State> 1
<NumMixes> 3
<Mixture> 0 <Weight> 0.675908
<Mean>
896.543945 -1.009766 6.642578 12.345703 -6.257813 0.142578 1.917969 -1.364258 -0.446289 
<Inverted_Deviation>
0.015698 0.017251 0.032096 0.018238 0.025327 0.042402 0.027495 0.042362 0.063534 
<LogVarVal> 37.156567
<Mixture> 1 <Weight> 0.077888
<Mean>
1255.559326 -71.220337 -18.432203 -14.584745 -21.661016 11.805085 -27.940678 10.915255 1.745763 
<Inverted_Deviation>
0.010488 0.015605 0.028797 0.011293 0.019370 0.056830 0.013810 0.033671 0.058140 
<LogVarVal> 39.230061
<Mixture> 2 <Weight> 0.246205
<Mean>
1022.273499 -52.195713 -5.037534 26.916891 6.721180 0.163539 -6.865952 3.238606 2.050938 
<Inverted_Deviation>
0.013911 0.011778 0.027504 0.013032 0.019194 0.051528 0.018823 0.036451 0.070711 
<LogVarVal> 38.654129
<State> 2
<NumMixes> 3
<Mixture> 0 <Weight> 0.239193
<Mean>
1821.132446 -166.887543 -27.951807 12.835340 -4.341365 -15.377509 -24.863453 4.995984 1.377510 
<Inverted_Deviation>
0.004961 0.006126 0.008892 0.007153 0.011310 0.013336 0.015975 0.019860 0.017887 
<LogVarVal> 46.094189
<Mixture> 1 <Weight> 0.504323
<Mean>
1406.841919 -60.419048 7.240000 16.019047 -2.411428 1.291429 -8.508572 -0.569524 0.415238 
<Inverted_Deviation>
0.007609 0.007826 0.010198 0.009633 0.010417 0.013428 0.020631 0.016794 0.018397 
<LogVarVal> 44.946224
<Mixture> 2 <Weight> 0.256484
<Mean>
1105.374512 -53.820225 15.134831 9.602997 38.722847 0.520599 22.479401 1.580524 -5.423221 
<Inverted_Deviation>
0.006435 0.006584 0.012941 0.006491 0.010680 0.013031 0.016686 0.014968 0.020060 
<LogVarVal> 45.688805
<TransP>
-0.173663 -1.836211 -10000000000.000000 
-10000000000.000000 -0.044542 -3.133516 
-10000000000.000000 -10000000000.000000 0.000000 
<EndEmbeddedHMM>
