<NumSuperStates> 5
<NumStates> 3 6 6 6 3 
<NumMixtures> 3 3 3 3 3 3 3 3 3 3 3 3 3 3 3 3 3 3 3 3 3 3 3 3 
<VecSize> 9
<BeginExternalHMM>
<NumStates> 5
<TransP>
-0.095310 -2.397895 -10000000000.000000 -10000000000.000000 -10000000000.000000 
-10000000000.000000 -0.075986 -2.614960 -10000000000.000000 -10000000000.000000 
-10000000000.000000 -10000000000.000000 -0.074108 -2.639057 -10000000000.000000 
-10000000000.000000 -10000000000.000000 -10000000000.000000 -0.051736 -2.987364 
-10000000000.000000 -10000000000.000000 -10000000000.000000 -10000000000.000000 0.000000 
<EndExternalHMM>
<BeginEmbeddedHMM>
<NumStates> 3
<State> 0
<NumMixes> 3
<Mixture> 0 <Weight> 0.491453
<Mean>
1723.112915 346.030426 -80.991302 160.439117 -72.513039 -27.173912 -5.869565 -26.030434 15.078260 
<Inverted_Deviation>
0.002851 0.003774 0.006275 0.004463 0.007256 0.007846 0.012118 0.010588 0.014282 
<LogVarVal> 50.057598
<Mixture> 1 <Weight> 0.070513
<Mean>
1177.818237 410.030304 181.424255 -75.757576 -7.606061 -1.909091 6.606061 -32.333336 -11.575758 
<Inverted_Deviation>
0.005122 0.004184 0.010095 0.007702 0.012170 0.010059 0.016510 0.018368 0.016721 
<LogVarVal> 46.564117
<Mixture> 2 <Weight> 0.438034
<Mean>
1010.663391 207.414627 108.975609 150.409760 120.956100 15.297561 69.956100 11.956098 -18.634146 
<Inverted_Deviation>
0.004749 0.004687 0.007452 0.005375 0.009145 0.010190 0.010972 0.010717 0.014571 
<LogVarVal> 48.547421
<State> 1
<NumMixes> 3
<Mixture> 0 <Weight> 0.700767
<Mean>
882.109497 -23.655109 2.646898 -36.572079 12.216241 0.091241 33.854015 -6.891423 1.380474 
<Inverted_Deviation>
0.009299 0.023097 0.050801 0.007982 0.021496 0.040432 0.013493 0.030534 0.045737 
<LogVarVal> 39.334892
<Mixture> 1 <Weight> 0.086317
<Mean>
1927.155518 -84.785187 -11.503703 -352.325928 -31.911110 7.140740 -176.059250 11.148148 8.051851 
<Inverted_Deviation>
0.004301 0.012406 0.040391 0.004672 0.013099 0.029782 0.014272 0.019429 0.050281 
<LogVarVal> 42.594654
<Mixture> 2 <Weight> 0.212916
<Mean>
1340.282349 -84.831833 0.678679 -408.219238 34.891891 6.444445 48.768768 25.240240 -4.210210 
<Inverted_Deviation>
0.004163 0.018490 0.041077 0.006252 0.017201 0.047278 0.006859 0.020235 0.044117 
<LogVarVal> 42.008438
<State> 2
<NumMixes> 3
<Mixture> 0 <Weight> 0.297441
<Mean>
1503.594971 -260.082428 21.426523 383.810028 -43.408604 -64.057350 42.046597 92.211472 -18.978495 
<Inverted_Deviation>
0.003414 0.009044 0.016446 0.008927 0.005657 0.014799 0.008695 0.011911 0.011157 
<LogVarVal> 47.422329
<Mixture> 1 <Weight> 0.372068
<Mean>
1168.318115 39.280804 35.885387 -59.541550 -147.756454 30.000002 84.481377 -37.487106 1.679083 
<Inverted_Deviation>
0.003988 0.003978 0.010605 0.003291 0.007948 0.012410 0.009475 0.014484 0.016734 
<LogVarVal> 48.673958
<Mixture> 2 <Weight> 0.330490
<Mean>
2092.845215 -42.974194 -36.922581 24.287096 79.335480 6.509677 -77.641937 -32.464516 11.874193 
<Inverted_Deviation>
0.004176 0.004713 0.020479 0.003349 0.007514 0.017445 0.013755 0.017042 0.016569 
<LogVarVal> 46.972828
<TransP>
-0.152016 -1.958814 -10000000000.000000 
-10000000000.000000 -0.043116 -3.165347 
-10000000000.000000 -10000000000.000000 0.000000 
<EndEmbeddedHMM>
<BeginEmbeddedHMM>
<NumStates> 6
<State> 0
<NumMixes> 3
<Mixture> 0 <Weight> 0.173489
<Mean>
1294.719116 256.606750 96.101128 136.325851 149.561798 -28.943821 6.112360 -18.730337 -33.741573 
<Inverted_Deviation>
0.003472 0.006182 0.007034 0.007591 0.005406 0.006492 0.013665 0.010931 0.010427 
<LogVarVal> 49.368031
<Mixture> 1 <Weight> 0.325536
<Mean>
1173.371338 -62.880241 17.425150 -18.311378 -18.928144 2.137725 -19.508984 12.712575 3.281437 
<Inverted_Deviation>
0.012884 0.012338 0.015327 0.008084 0.012945 0.021949 0.027818 0.026331 0.036051 
<LogVarVal> 41.602047
<Mixture> 2 <Weight> 0.500975
<Mean>
986.108948 -75.972763 -3.591440 -19.089495 14.618677 22.614786 5.953308 15.735409 9.961089 
<Inverted_Deviation>
0.012269 0.009450 0.010306 0.010775 0.011130 0.017418 0.027207 0.021673 0.041921 
<LogVarVal> 42.475517
<State> 1
<NumMixes> 3
<Mixture> 0 <Weight> 0.562408
<Mean>
1475.070557 -98.832901 -3.673629 -86.530029 -2.592689 1.966057 -45.953003 2.890339 1.770235 
<Inverted_Deviation>
0.005023 0.030568 0.066696 0.007775 0.026130 0.064732 0.017560 0.048607 0.070711 
<LogVarVal> 37.594833
<Mixture> 1 <Weight> 0.207048
<Mean>
1296.170166 -100.148933 7.127659 280.170197 -28.248226 -14.780142 -9.730496 29.822695 -3.177305 
<Inverted_Deviation>
0.007017 0.032158 0.070711 0.009299 0.022729 0.070711 0.009786 0.039581 0.070711 
<LogVarVal> 37.813515
<Mixture> 2 <Weight> 0.230543
<Mean>
1022.337585 -28.949045 13.343949 128.337585 -43.929935 2.203822 77.840767 -17.872612 -4.242038 
<Inverted_Deviation>
0.010089 0.016448 0.067609 0.008511 0.024439 0.062918 0.013642 0.036992 0.070711 
<LogVarVal> 38.033821
<State> 2
<NumMixes> 3
<Mixture> 0 <Weight> 0.729688
<Mean>
1792.892944 -46.019272 1.194861 2.004283 -13.349036 2.175589 -20.389721 -5.355460 -1.496788 
<Inverted_Deviation>
0.008770 0.023104 0.057404 0.012090 0.029570 0.070711 0.014671 0.050721 0.070711 
<LogVarVal> 36.951126
<Mixture> 1 <Weight> 0.195313
<Mean>
1567.776123 -43.256001 -22.776001 234.240005 33.144001 10.584001 -52.096001 -2.720000 4.960000 
<Inverted_Deviation>
0.008069 0.010405 0.034986 0.011560 0.016053 0.029899 0.010843 0.041935 0.058404 
<LogVarVal> 40.527493
<Mixture> 2 <Weight> 0.075000
<Mean>
1321.333374 -15.541667 -23.833334 194.520844 11.687500 -9.312500 79.583336 -3.416667 15.354167 
<Inverted_Deviation>
0.008266 0.006013 0.023510 0.011559 0.014555 0.022204 0.019324 0.027170 0.056229 
<LogVarVal> 41.738995
<State> 3
<NumMixes> 3
<Mixture> 0 <Weight> 0.509924
<Mean>
2070.853271 -70.862282 -10.338324 70.670662 -9.544910 -4.014970 -38.748505 -2.949102 1.775449 
<Inverted_Deviation>
0.006081 0.014285 0.040354 0.007935 0.021492 0.068432 0.011430 0.032976 0.070711 
<LogVarVal> 39.603462
<Mixture> 1 <Weight> 0.216794
<Mean>
1183.894287 9.711267 12.450704 221.218307 -1.830986 1.323944 144.823944 -9.387323 -6.359155 
<Inverted_Deviation>
0.006896 0.012704 0.070711 0.006248 0.026464 0.058629 0.014549 0.022214 0.064318 
<LogVarVal> 39.468281
<Mixture> 2 <Weight> 0.273282
<Mean>
1598.826782 3.072626 4.659218 386.497192 -26.089384 -10.039105 -52.949718 -0.597765 1.111732 
<Inverted_Deviation>
0.004941 0.018557 0.070711 0.007692 0.011573 0.050736 0.007807 0.023046 0.066653 
<LogVarVal> 40.736584
<State> 4
<NumMixes> 3
<Mixture> 0 <Weight> 0.731872
<Mean>
2098.230469 31.476959 -7.490783 45.760368 12.253456 -2.221198 -9.218894 -0.769585 -2.251152 
<Inverted_Deviation>
0.005710 0.026106 0.049387 0.018091 0.028499 0.064208 0.027909 0.041072 0.070711 
<LogVarVal> 36.706680
<Mixture> 1 <Weight> 0.204047
<Mean>
1695.933838 -102.826439 -10.752066 181.611557 89.776855 0.421488 -27.776859 0.471074 12.702478 
<Inverted_Deviation>
0.006980 0.010107 0.021507 0.008062 0.015791 0.022425 0.019709 0.017124 0.028108 
<LogVarVal> 42.882065
<Mixture> 2 <Weight> 0.064081
<Mean>
1361.052612 -145.736847 44.921055 247.105270 -1.894737 -27.789474 80.131577 77.236839 -18.421053 
<Inverted_Deviation>
0.008460 0.011573 0.034574 0.009165 0.014352 0.021155 0.018286 0.021320 0.029695 
<LogVarVal> 41.906021
<State> 5
<NumMixes> 3
<Mixture> 0 <Weight> 0.348684
<Mean>
1400.962280 392.490570 0.721698 -78.617928 -7.075472 62.136795 -9.547170 -23.500000 3.679245 
<Inverted_Deviation>
0.004840 0.015385 0.005898 0.007570 0.011108 0.012739 0.025377 0.024899 0.019533 
<LogVarVal> 44.838619
<Mixture> 1 <Weight> 0.350329
<Mean>
1006.521118 33.535213 105.220657 -5.478873 -76.812210 -14.399061 16.314554 -4.384976 -3.253521 
<Inverted_Deviation>
0.005494 0.004049 0.008131 0.007304 0.009094 0.013155 0.021190 0.026295 0.016994 
<LogVarVal> 46.194702
<Mixture> 2 <Weight> 0.300987
<Mean>
1833.497192 179.344254 -101.912567 -46.612022 95.027321 -21.825136 -27.431694 9.153006 1.874317 
<Inverted_Deviation>
0.005538 0.005763 0.014477 0.008258 0.013917 0.017042 0.028881 0.024225 0.025862 
<LogVarVal> 43.802128
<TransP>
-0.174168 -1.833557 -10000000000.000000 -10000000000.000000 -10000000000.000000 -10000000000.000000 
-10000000000.000000 -0.128301 -2.116843 -10000000000.000000 -10000000000.000000 -10000000000.000000 
-10000000000.000000 -10000000000.000000 -0.137109 -2.054749 -10000000000.000000 -10000000000.000000 
-10000000000.000000 -10000000000.000000 -10000000000.000000 -0.133750 -2.077916 -10000000000.000000 
-10000000000.000000 -10000000000.000000 -10000000000.000000 -10000000000.000000 -0.148825 -1.978475 
-10000000000.000000 -10000000000.000000 -10000000000.000000 -10000000000.000000 -10000000000.000000 0.000000 
<EndEmbeddedHMM>
<BeginEmbeddedHMM>
<NumStates> 6
<State> 0
<NumMixes> 3
<Mixture> 0 <Weight> 0.476768
<Mean>
998.355957 -61.758476 -20.377119 -19.766949 3.686441 -3.309322 2.525424 2.063559 0.258475 
<Inverted_Deviation>
0.013548 0.011425 0.011866 0.027340 0.022712 0.027256 0.050276 0.042017 0.047745 
<LogVarVal> 38.547424
<Mixture> 1 <Weight> 0.432323
<Mean>
1147.929810 -22.420561 -0.771028 -55.275700 22.149532 -3.808411 -3.467290 2.308411 -1.771028 
<Inverted_Deviation>
0.013097 0.014584 0.019554 0.012954 0.019371 0.035494 0.028585 0.037461 0.065904 
<LogVarVal> 38.836681
<Mixture> 2 <Weight> 0.090909
<Mean>
1299.311157 282.911133 84.177780 -40.177780 -10.288889 7.888889 -2.222222 -3.911111 -3.533333 
<Inverted_Deviation>
0.004587 0.010105 0.004978 0.016911 0.011589 0.016004 0.022251 0.015481 0.027920 
<LogVarVal> 44.657642
<State> 1
<NumMixes> 3
<Mixture> 0 <Weight> 0.716528
<Mean>
961.135254 5.631443 11.911082 -13.002577 -0.412371 -3.038660 6.322165 -2.087629 2.795103 
<Inverted_Deviation>
0.010351 0.013520 0.028834 0.015120 0.025722 0.032495 0.020081 0.029471 0.049435 
<LogVarVal> 39.290024
<Mixture> 1 <Weight> 0.159741
<Mean>
1210.115601 -74.971100 -9.190751 -135.803467 19.890173 11.901733 23.104046 17.728323 -9.855491 
<Inverted_Deviation>
0.007472 0.004994 0.008406 0.007607 0.008333 0.012961 0.011922 0.016736 0.022266 
<LogVarVal> 46.462608
<Mixture> 2 <Weight> 0.123730
<Mean>
1375.193970 67.619400 -40.641788 -28.626865 -51.268654 8.970149 -47.977612 -4.126865 4.537313 
<Inverted_Deviation>
0.008789 0.005783 0.010387 0.006641 0.013640 0.015651 0.010777 0.019437 0.025405 
<LogVarVal> 45.215794
<State> 2
<NumMixes> 3
<Mixture> 0 <Weight> 0.361055
<Mean>
1163.410156 -93.129211 79.584274 12.488764 -14.421349 6.331461 -6.067416 -6.853933 -5.483146 
<Inverted_Deviation>
0.009216 0.006437 0.015759 0.008833 0.014415 0.025000 0.017015 0.020247 0.033340 
<LogVarVal> 43.066120
<Mixture> 1 <Weight> 0.359026
<Mean>
1415.113037 -316.881348 33.079098 7.531074 -28.378531 -0.293785 -10.610169 10.485876 -2.367232 
<Inverted_Deviation>
0.006911 0.008313 0.008283 0.008380 0.016431 0.020077 0.017318 0.029056 0.034925 
<LogVarVal> 43.457294
<Mixture> 2 <Weight> 0.279919
<Mean>
1721.449341 -92.246376 -167.108704 -45.275364 33.702900 -35.079712 -29.173914 8.311594 5.500000 
<Inverted_Deviation>
0.007064 0.004254 0.011368 0.008735 0.011936 0.018796 0.026248 0.028767 0.023185 
<LogVarVal> 44.136528
<State> 3
<NumMixes> 3
<Mixture> 0 <Weight> 0.152212
<Mean>
1102.011597 80.046509 41.767441 -132.802322 -39.244186 -13.453488 81.953491 10.604651 -5.267442 
<Inverted_Deviation>
0.007439 0.006599 0.015480 0.006483 0.021689 0.020179 0.022071 0.021524 0.022371 
<LogVarVal> 43.465946
<Mixture> 1 <Weight> 0.288496
<Mean>
1462.288330 172.098160 14.460122 -214.079742 29.785275 30.417177 -16.815950 -34.355827 1.846626 
<Inverted_Deviation>
0.005386 0.006112 0.008154 0.007392 0.009992 0.013896 0.010433 0.014017 0.015095 
<LogVarVal> 47.095234
<Mixture> 2 <Weight> 0.559292
<Mean>
1649.351318 -3.518987 -2.990506 73.531647 16.797468 -2.193038 -18.537975 4.075950 0.306962 
<Inverted_Deviation>
0.005380 0.007618 0.014958 0.006296 0.011941 0.016527 0.011296 0.014612 0.019169 
<LogVarVal> 45.718227
<State> 4
<NumMixes> 3
<Mixture> 0 <Weight> 0.232945
<Mean>
1057.507202 -49.785713 14.421429 -90.685715 13.535714 -1.978571 81.171432 -5.471428 -0.835714 
<Inverted_Deviation>
0.006125 0.016936 0.031526 0.006847 0.023292 0.034569 0.016628 0.025977 0.038041 
<LogVarVal> 40.906582
<Mixture> 1 <Weight> 0.304493
<Mean>
1450.748535 -86.715843 6.732240 -243.453552 -33.551910 14.382513 -5.967213 22.284153 -2.704918 
<Inverted_Deviation>
0.005710 0.011730 0.025914 0.006800 0.012957 0.025284 0.008094 0.020095 0.031182 
<LogVarVal> 43.621624
<Mixture> 2 <Weight> 0.462562
<Mean>
1832.838135 -11.442447 -10.276978 -18.611511 -12.848921 4.201439 -49.546764 -8.715828 3.233813 
<Inverted_Deviation>
0.008123 0.011487 0.028701 0.006747 0.012389 0.029553 0.014783 0.024235 0.043886 
<LogVarVal> 41.953182
<State> 5
<NumMixes> 3
<Mixture> 0 <Weight> 0.226519
<Mean>
1074.308960 62.601624 127.869911 -46.926826 13.308943 18.829268 11.878048 -0.414634 -4.008130 
<Inverted_Deviation>
0.004358 0.004008 0.006016 0.009483 0.010109 0.013077 0.017764 0.016054 0.020481 
<LogVarVal> 46.859917
<Mixture> 1 <Weight> 0.331492
<Mean>
1422.777832 323.377777 -68.088890 -21.755556 31.038889 -12.300000 4.783333 -10.955556 6.116667 
<Inverted_Deviation>
0.006001 0.008517 0.004378 0.013819 0.013137 0.013550 0.021991 0.023654 0.025095 
<LogVarVal> 44.625664
<Mixture> 2 <Weight> 0.441989
<Mean>
1609.687622 -11.891667 -40.283337 -38.154167 8.937500 -14.562501 -3.983334 2.275000 -2.629167 
<Inverted_Deviation>
0.007889 0.005626 0.007574 0.010076 0.009917 0.013505 0.019848 0.015896 0.019903 
<LogVarVal> 45.550999
<TransP>
-0.185965 -1.773741 -10000000000.000000 -10000000000.000000 -10000000000.000000 -10000000000.000000 
-10000000000.000000 -0.080735 -2.556674 -10000000000.000000 -10000000000.000000 -10000000000.000000 
-10000000000.000000 -10000000000.000000 -0.186794 -1.769692 -10000000000.000000 -10000000000.000000 
-10000000000.000000 -10000000000.000000 -10000000000.000000 -0.160958 -1.906009 -10000000000.000000 
-10000000000.000000 -10000000000.000000 -10000000000.000000 -10000000000.000000 -0.150552 -1.967778 
-10000000000.000000 -10000000000.000000 -10000000000.000000 -10000000000.000000 -10000000000.000000 0.000000 
<EndEmbeddedHMM>
<BeginEmbeddedHMM>
<NumStates> 6
<State> 0
<NumMixes> 3
<Mixture> 0 <Weight> 0.278970
<Mean>
1118.071777 88.774361 71.005127 -58.010258 -84.035896 -56.492310 22.358974 24.235899 9.225641 
<Inverted_Deviation>
0.012341 0.010572 0.016223 0.016461 0.016063 0.027937 0.025029 0.023005 0.025647 
<LogVarVal> 41.155846
<Mixture> 1 <Weight> 0.336195
<Mean>
1371.906372 317.131897 85.548935 -102.221275 -61.097870 51.817020 -2.897872 -24.680851 -25.034042 
<Inverted_Deviation>
0.006780 0.010187 0.008871 0.011352 0.011925 0.011228 0.018944 0.022627 0.019249 
<LogVarVal> 44.558598
<Mixture> 2 <Weight> 0.384835
<Mean>
1802.576172 160.762085 -78.141266 -63.546467 59.379181 -0.081784 -12.539033 1.416357 13.096654 
<Inverted_Deviation>
0.005395 0.005074 0.010408 0.010666 0.013153 0.012125 0.024440 0.021512 0.019991 
<LogVarVal> 44.969704
<State> 1
<NumMixes> 3
<Mixture> 0 <Weight> 0.144075
<Mean>
1227.526611 5.621302 -11.928994 125.656807 -10.692307 -7.313610 9.408284 -7.213018 -1.556213 
<Inverted_Deviation>
0.009957 0.010716 0.030477 0.016111 0.018295 0.043686 0.025091 0.035710 0.051154 
<LogVarVal> 39.038036
<Mixture> 1 <Weight> 0.433078
<Mean>
969.377930 13.230315 5.616142 -2.104331 4.440945 0.787402 -0.564961 -0.507874 0.761811 
<Inverted_Deviation>
0.021706 0.028497 0.070711 0.023606 0.045320 0.070711 0.030538 0.069965 0.070711 
<LogVarVal> 33.475716
<Mixture> 2 <Weight> 0.422847
<Mean>
1062.897095 9.139112 -3.252016 16.814516 -0.328629 -0.100806 3.183468 0.514113 0.822581 
<Inverted_Deviation>
0.020096 0.019784 0.050057 0.028771 0.036055 0.065774 0.047844 0.060722 0.070711 
<LogVarVal> 34.059052
<State> 2
<NumMixes> 3
<Mixture> 0 <Weight> 0.165517
<Mean>
1238.383423 -123.525009 -2.658334 192.641678 -72.525002 -9.566668 -6.675000 -1.566667 1.683333 
<Inverted_Deviation>
0.007499 0.013351 0.016562 0.010475 0.019876 0.020583 0.009080 0.028157 0.042923 
<LogVarVal> 42.241375
<Mixture> 1 <Weight> 0.344828
<Mean>
1109.804077 -90.272003 17.208000 -46.052002 23.980001 -1.796000 3.448000 3.096000 -2.464000 
<Inverted_Deviation>
0.013124 0.019812 0.037164 0.010710 0.017324 0.027226 0.009668 0.018225 0.036526 
<LogVarVal> 40.847893
<Mixture> 2 <Weight> 0.489655
<Mean>
989.980225 -36.766197 18.211267 27.290140 -10.636620 1.411268 20.414083 -7.397183 1.335211 
<Inverted_Deviation>
0.011684 0.017566 0.043341 0.012032 0.021146 0.034954 0.013812 0.024449 0.049057 
<LogVarVal> 39.419594
<State> 3
<NumMixes> 3
<Mixture> 0 <Weight> 0.274084
<Mean>
1465.678223 -35.113861 -17.069307 183.465347 49.801979 -21.871286 -2.099010 -0.955446 3.123762 
<Inverted_Deviation>
0.006738 0.008746 0.013376 0.009354 0.009543 0.013665 0.008139 0.013932 0.019194 
<LogVarVal> 45.859447
<Mixture> 1 <Weight> 0.400271
<Mean>
1284.033936 -101.366104 5.555932 -30.691525 12.210170 10.240678 42.989830 26.355932 -6.722034 
<Inverted_Deviation>
0.010703 0.010434 0.017128 0.007105 0.011361 0.017985 0.007546 0.013667 0.019128 
<LogVarVal> 44.897144
<Mixture> 2 <Weight> 0.325644
<Mean>
1477.704224 -24.616669 -20.879168 -59.591671 -31.533335 10.379168 -19.825001 -5.312500 8.433333 
<Inverted_Deviation>
0.008557 0.007732 0.011007 0.010441 0.010848 0.012669 0.009463 0.013624 0.015846 
<LogVarVal> 45.839451
<State> 4
<NumMixes> 3
<Mixture> 0 <Weight> 0.419680
<Mean>
1566.074219 -23.863728 -10.699399 19.899799 -7.402806 -0.763527 -5.004008 3.525050 1.963928 
<Inverted_Deviation>
0.014147 0.014115 0.028932 0.013975 0.022713 0.033174 0.027350 0.040920 0.056874 
<LogVarVal> 38.336246
<Mixture> 1 <Weight> 0.166526
<Mean>
1727.722168 -6.974748 -11.530303 52.878788 9.616161 1.313131 -5.666667 -2.505050 -0.090909 
<Inverted_Deviation>
0.013370 0.015796 0.031992 0.012448 0.022402 0.036160 0.029625 0.048535 0.070711 
<LogVarVal> 37.754688
<Mixture> 2 <Weight> 0.413793
<Mean>
1388.325195 -29.615852 17.430893 26.359755 2.315041 -5.715447 1.703252 -12.264227 -3.878049 
<Inverted_Deviation>
0.011524 0.009369 0.019244 0.011678 0.011935 0.022090 0.027234 0.025859 0.032927 
<LogVarVal> 41.598274
<State> 5
<NumMixes> 3
<Mixture> 0 <Weight> 0.343750
<Mean>
1541.045410 92.304192 -37.874126 -19.573427 27.097902 -5.283217 -2.101398 -3.818182 2.234266 
<Inverted_Deviation>
0.007944 0.005903 0.007676 0.006491 0.006363 0.011637 0.014381 0.015238 0.019338 
<LogVarVal> 46.908215
<Mixture> 1 <Weight> 0.479567
<Mean>
1815.884644 -152.563904 -7.345865 -36.616543 2.731830 10.408522 -35.436089 13.110275 7.879699 
<Inverted_Deviation>
0.004015 0.007768 0.013071 0.004870 0.007494 0.010958 0.010803 0.013512 0.017597 
<LogVarVal> 47.468086
<Mixture> 2 <Weight> 0.176683
<Mean>
1401.033936 -77.823128 155.047623 44.680271 -3.244898 0.319728 33.272110 3.374150 -23.020409 
<Inverted_Deviation>
0.005232 0.003721 0.007214 0.004628 0.007701 0.007813 0.009377 0.012168 0.016489 
<LogVarVal> 49.207230
<TransP>
-0.186623 -1.770527 -10000000000.000000 -10000000000.000000 -10000000000.000000 -10000000000.000000 
-10000000000.000000 -0.106972 -2.288196 -10000000000.000000 -10000000000.000000 -10000000000.000000 
-10000000000.000000 -10000000000.000000 -0.179292 -1.807048 -10000000000.000000 -10000000000.000000 
-10000000000.000000 -10000000000.000000 -10000000000.000000 -0.176099 -1.823464 -10000000000.000000 
-10000000000.000000 -10000000000.000000 -10000000000.000000 -10000000000.000000 -0.105454 -2.301744 
-10000000000.000000 -10000000000.000000 -10000000000.000000 -10000000000.000000 -10000000000.000000 0.000000 
<EndEmbeddedHMM>
<BeginEmbeddedHMM>
<NumStates> 3
<State> 0
<NumMixes> 3
<Mixture> 0 <Weight> 0.213622
<Mean>
1803.434814 97.057976 -33.289856 136.173920 -72.405800 -2.594203 -97.260872 52.782608 3.840580 
<Inverted_Deviation>
0.006870 0.008481 0.013801 0.006710 0.011982 0.020471 0.011109 0.021505 0.025270 
<LogVarVal> 44.519650
<Mixture> 1 <Weight> 0.414861
<Mean>
997.768616 73.313431 35.522388 157.880600 108.776115 27.947760 65.477608 24.671640 -9.738806 
<Inverted_Deviation>
0.006726 0.010299 0.017123 0.006149 0.010898 0.014501 0.009076 0.012795 0.018086 
<LogVarVal> 45.713699
<Mixture> 2 <Weight> 0.371517
<Mean>
1362.766724 194.450012 -0.775000 332.075012 45.141670 -38.825001 -64.300003 -78.908340 7.866667 
<Inverted_Deviation>
0.005375 0.008213 0.011847 0.004808 0.007265 0.012592 0.007216 0.015454 0.016434 
<LogVarVal> 47.461464
<State> 1
<NumMixes> 3
<Mixture> 0 <Weight> 0.730721
<Mean>
986.472351 -15.707613 3.257786 27.730104 -1.960208 -0.250865 14.626298 -0.368512 0.198962 
<Inverted_Deviation>
0.011084 0.023942 0.058261 0.014094 0.029109 0.066610 0.023669 0.052090 0.070711 
<LogVarVal> 36.083622
<Mixture> 1 <Weight> 0.219975
<Mean>
1220.867798 2.114943 -4.264368 170.040222 5.373563 -8.333333 6.252873 -10.729885 0.034483 
<Inverted_Deviation>
0.008388 0.012021 0.040891 0.012473 0.017325 0.054311 0.018455 0.041827 0.067238 
<LogVarVal> 38.769051
<Mixture> 2 <Weight> 0.049305
<Mean>
1397.538452 -52.538464 -18.435898 41.153847 -53.461540 -1.153846 -114.897438 -5.256410 7.051282 
<Inverted_Deviation>
0.006880 0.007538 0.021519 0.006405 0.024226 0.042148 0.017567 0.019816 0.042567 
<LogVarVal> 41.914261
<State> 2
<NumMixes> 3
<Mixture> 0 <Weight> 0.474832
<Mean>
1229.932861 -104.268555 52.809189 -16.893993 33.897526 17.113075 40.501766 8.293286 -12.798587 
<Inverted_Deviation>
0.005247 0.005108 0.009917 0.005427 0.007443 0.011150 0.016031 0.015218 0.019880 
<LogVarVal> 47.141376
<Mixture> 1 <Weight> 0.243289
<Mean>
1478.965454 213.365509 -2.110345 120.751724 -86.806900 -34.682758 20.496552 -42.413792 0.462069 
<Inverted_Deviation>
0.005320 0.005499 0.004660 0.005739 0.006054 0.009098 0.012087 0.013472 0.014403 
<LogVarVal> 48.889820
<Mixture> 2 <Weight> 0.281879
<Mean>
1678.226196 -156.767853 -54.958336 12.113095 -43.053574 9.625000 -20.601191 27.630953 14.595239 
<Inverted_Deviation>
0.005410 0.006523 0.012307 0.004147 0.006787 0.013509 0.016165 0.016251 0.029344 
<LogVarVal> 46.356606
<TransP>
-0.125163 -2.140066 -10000000000.000000 
-10000000000.000000 -0.049233 -3.035712 
-10000000000.000000 -10000000000.000000 0.000000 
<EndEmbeddedHMM>
