<NumSuperStates> 5
<NumStates> 3 6 6 6 3 
<NumMixtures> 3 3 3 3 3 3 3 3 3 3 3 3 3 3 3 3 3 3 3 3 3 3 3 3 
<VecSize> 9
<BeginExternalHMM>
<NumStates> 5
<TransP>
-0.083382 -2.525729 -10000000000.000000 -10000000000.000000 -10000000000.000000 
-10000000000.000000 -0.076961 -2.602690 -10000000000.000000 -10000000000.000000 
-10000000000.000000 -10000000000.000000 -0.095310 -2.397895 -10000000000.000000 
-10000000000.000000 -10000000000.000000 -10000000000.000000 -0.049597 -3.028522 
-10000000000.000000 -10000000000.000000 -10000000000.000000 -10000000000.000000 0.000000 
<EndExternalHMM>
<BeginEmbeddedHMM>
<NumStates> 3
<State> 0
<NumMixes> 3
<Mixture> 0 <Weight> 0.348653
<Mean>
1864.399902 137.981812 -48.690907 138.931808 -112.804543 18.095453 -34.904545 10.427273 22.672726 
<Inverted_Deviation>
0.004916 0.006198 0.017871 0.006767 0.009623 0.014986 0.023533 0.015676 0.014428 
<LogVarVal> 45.558056
<Mixture> 1 <Weight> 0.335975
<Mean>
918.254761 118.900948 55.900944 133.811325 120.084908 40.471699 70.056602 38.306602 1.641509 
<Inverted_Deviation>
0.009150 0.009775 0.019264 0.008837 0.014255 0.025093 0.015539 0.027580 0.022218 
<LogVarVal> 42.649246
<Mixture> 2 <Weight> 0.315372
<Mean>
1323.839233 311.261292 29.582914 303.442200 36.954773 -87.944725 29.437185 -83.261307 -29.577888 
<Inverted_Deviation>
0.004743 0.009041 0.013164 0.008199 0.006983 0.013948 0.014707 0.016381 0.012260 
<LogVarVal> 46.311691
<State> 1
<NumMixes> 3
<Mixture> 0 <Weight> 0.046252
<Mean>
1047.126465 20.471264 10.586206 330.862061 24.298851 5.275862 188.862076 0.068966 -6.390805 
<Inverted_Deviation>
0.007216 0.011936 0.050814 0.007590 0.014768 0.056313 0.021324 0.026202 0.048359 
<LogVarVal> 39.982483
<Mixture> 1 <Weight> 0.091441
<Mean>
1144.267456 -5.203488 -14.441860 -245.406982 2.122093 20.250000 25.773256 -4.534883 -2.924419 
<Inverted_Deviation>
0.005162 0.005739 0.011088 0.010740 0.008096 0.017124 0.013461 0.017107 0.023969 
<LogVarVal> 45.604858
<Mixture> 2 <Weight> 0.862307
<Mean>
836.475952 -3.821208 2.398274 -26.963009 1.680025 0.033292 14.552404 0.524661 1.279285 
<Inverted_Deviation>
0.012300 0.032024 0.047748 0.015451 0.026157 0.043689 0.031542 0.044753 0.066425 
<LogVarVal> 36.251617
<State> 2
<NumMixes> 3
<Mixture> 0 <Weight> 0.326767
<Mean>
1459.723389 -256.705658 13.503546 395.223389 -23.092197 -66.656029 29.985815 95.794327 -14.819148 
<Inverted_Deviation>
0.004115 0.005956 0.010363 0.006530 0.006363 0.013264 0.007186 0.013412 0.011318 
<LogVarVal> 48.477055
<Mixture> 1 <Weight> 0.349942
<Mean>
2049.705322 -121.307945 -33.678806 135.781464 102.231789 16.645695 -55.456955 -26.490067 13.105960 
<Inverted_Deviation>
0.005038 0.006516 0.013881 0.005734 0.008453 0.014820 0.010980 0.015033 0.015467 
<LogVarVal> 46.777477
<Mixture> 2 <Weight> 0.323291
<Mean>
992.820801 -117.992828 44.143368 144.577057 -125.483871 30.917562 93.670250 -46.917564 -1.405018 
<Inverted_Deviation>
0.007172 0.008704 0.014070 0.006141 0.011354 0.016835 0.013198 0.017759 0.018078 
<LogVarVal> 45.123287
<TransP>
-0.126538 -2.129818 -10000000000.000000 
-10000000000.000000 -0.040689 -3.222071 
-10000000000.000000 -10000000000.000000 0.000000 
<EndEmbeddedHMM>
<BeginEmbeddedHMM>
<NumStates> 6
<State> 0
<NumMixes> 3
<Mixture> 0 <Weight> 0.382100
<Mean>
1100.441528 -99.247749 -24.054054 -20.229731 -26.860361 -0.135135 -8.770270 6.049550 2.387388 
<Inverted_Deviation>
0.008452 0.010951 0.012757 0.011676 0.017422 0.023513 0.034871 0.033599 0.036889 
<LogVarVal> 41.100277
<Mixture> 1 <Weight> 0.177281
<Mean>
1216.427246 291.621368 185.368927 -30.524273 -15.572816 2.660194 -1.951456 -10.631068 -13.563107 
<Inverted_Deviation>
0.004484 0.006345 0.005682 0.007339 0.007543 0.010225 0.020233 0.021227 0.020624 
<LogVarVal> 46.807659
<Mixture> 2 <Weight> 0.440620
<Mean>
871.714844 -54.625000 34.792969 -27.902344 21.500000 1.308594 10.574219 12.082031 4.589844 
<Inverted_Deviation>
0.010228 0.009404 0.014895 0.014244 0.013185 0.018369 0.036375 0.032649 0.038307 
<LogVarVal> 41.182465
<State> 1
<NumMixes> 3
<Mixture> 0 <Weight> 0.302510
<Mean>
1418.187744 -69.235809 1.004367 79.248909 -10.152839 -4.703057 -57.751091 9.598253 2.288210 
<Inverted_Deviation>
0.006916 0.021682 0.036588 0.004837 0.019668 0.053046 0.020324 0.038674 0.070711 
<LogVarVal> 39.258961
<Mixture> 1 <Weight> 0.365918
<Mean>
1142.342896 -27.433212 -2.415162 -159.472916 16.317690 -3.010830 16.837545 -8.866426 0.642599 
<Inverted_Deviation>
0.006414 0.022033 0.069803 0.012828 0.029581 0.052661 0.016082 0.035096 0.056966 
<LogVarVal> 37.843601
<Mixture> 2 <Weight> 0.331572
<Mean>
1059.418335 -2.741036 8.816733 111.131477 -24.589642 -2.063745 41.462154 -8.525897 -2.717132 
<Inverted_Deviation>
0.007377 0.016833 0.047477 0.007595 0.026242 0.037929 0.010648 0.021599 0.040438 
<LogVarVal> 40.570820
<State> 2
<NumMixes> 3
<Mixture> 0 <Weight> 0.378731
<Mean>
1638.137939 -52.078815 -9.251231 72.448273 9.458128 8.399014 -56.743843 -0.236453 -0.689655 
<Inverted_Deviation>
0.009439 0.015147 0.035161 0.004723 0.014042 0.034674 0.014955 0.028945 0.045023 
<LogVarVal> 41.180313
<Mixture> 1 <Weight> 0.457090
<Mean>
1380.163208 -52.775509 8.975510 -274.248962 16.102039 5.604081 -0.408163 11.122449 -3.436734 
<Inverted_Deviation>
0.004667 0.014555 0.034034 0.012606 0.020445 0.029751 0.013090 0.023691 0.032156 
<LogVarVal> 41.422905
<Mixture> 2 <Weight> 0.164179
<Mean>
1274.602295 -177.340912 26.295456 147.170456 49.215912 -36.250000 43.545456 16.431818 1.954545 
<Inverted_Deviation>
0.005713 0.012120 0.018438 0.008209 0.010394 0.027424 0.012962 0.019259 0.032377 
<LogVarVal> 43.413807
<State> 3
<NumMixes> 3
<Mixture> 0 <Weight> 0.221870
<Mean>
1653.985718 -82.757141 -45.007145 -198.964294 -37.928570 12.307143 -31.549999 5.150000 9.014286 
<Inverted_Deviation>
0.004937 0.008268 0.009879 0.007478 0.013736 0.014680 0.014121 0.025905 0.026851 
<LogVarVal> 44.810669
<Mixture> 1 <Weight> 0.461173
<Mean>
1905.408936 -28.797251 -10.707904 49.604813 1.020619 -1.731959 -68.006874 -3.780069 1.003436 
<Inverted_Deviation>
0.006581 0.018102 0.028359 0.005421 0.015481 0.030723 0.021762 0.034993 0.066523 
<LogVarVal> 40.508068
<Mixture> 2 <Weight> 0.316957
<Mean>
1322.934937 27.914999 10.115000 225.375000 -48.735001 -3.265000 84.564995 -3.090000 -2.335000 
<Inverted_Deviation>
0.004525 0.006026 0.014427 0.006425 0.011217 0.017755 0.011347 0.023185 0.040904 
<LogVarVal> 44.908466
<State> 4
<NumMixes> 3
<Mixture> 0 <Weight> 0.390288
<Mean>
1765.170532 120.824883 -35.000000 -82.972351 45.801842 -7.221198 -28.115208 -7.949309 -3.285714 
<Inverted_Deviation>
0.005149 0.010121 0.019049 0.010043 0.018373 0.023737 0.027491 0.029124 0.038730 
<LogVarVal> 41.693626
<Mixture> 1 <Weight> 0.352518
<Mean>
1286.596924 203.642853 6.086735 -156.336731 -28.632652 33.091835 -4.280612 -26.693876 -2.270408 
<Inverted_Deviation>
0.004998 0.010775 0.013347 0.015999 0.011403 0.022271 0.027116 0.027592 0.025022 
<LogVarVal> 42.596386
<Mixture> 2 <Weight> 0.257194
<Mean>
1551.881104 -66.447548 -4.846154 265.699310 69.650352 -23.720280 -47.062935 30.174826 7.132867 
<Inverted_Deviation>
0.006336 0.012036 0.021327 0.006218 0.010427 0.027159 0.009413 0.017044 0.024411 
<LogVarVal> 44.180466
<State> 5
<NumMixes> 3
<Mixture> 0 <Weight> 0.162671
<Mean>
1390.094849 291.684235 -54.115791 -21.547369 31.526318 33.915791 -17.821053 -21.042107 -0.336842 
<Inverted_Deviation>
0.004554 0.007362 0.006217 0.011360 0.010314 0.019805 0.022989 0.031058 0.032707 
<LogVarVal> 44.173542
<Mixture> 1 <Weight> 0.587329
<Mean>
956.693909 25.495628 57.553940 -17.527697 -25.970846 -19.664724 9.897960 0.679300 3.297376 
<Inverted_Deviation>
0.009103 0.006360 0.010929 0.015174 0.013017 0.022053 0.036884 0.029006 0.035274 
<LogVarVal> 41.953312
<Mixture> 2 <Weight> 0.250000
<Mean>
1446.417847 -417.664368 133.438354 -32.746574 13.273973 23.184931 9.835616 -0.116438 -10.705480 
<Inverted_Deviation>
0.003249 0.005394 0.004224 0.010254 0.011391 0.010600 0.025605 0.024669 0.023273 
<LogVarVal> 46.299835
<TransP>
-0.150143 -1.970302 -10000000000.000000 -10000000000.000000 -10000000000.000000 -10000000000.000000 
-10000000000.000000 -0.113170 -2.234914 -10000000000.000000 -10000000000.000000 -10000000000.000000 
-10000000000.000000 -10000000000.000000 -0.163837 -1.889685 -10000000000.000000 -10000000000.000000 
-10000000000.000000 -10000000000.000000 -10000000000.000000 -0.137388 -2.052857 -10000000000.000000 
-10000000000.000000 -10000000000.000000 -10000000000.000000 -10000000000.000000 -0.157453 -1.926319 
-10000000000.000000 -10000000000.000000 -10000000000.000000 -10000000000.000000 -10000000000.000000 0.000000 
<EndEmbeddedHMM>
<BeginEmbeddedHMM>
<NumStates> 6
<State> 0
<NumMixes> 3
<Mixture> 0 <Weight> 0.118110
<Mean>
1359.022217 294.777771 146.066666 7.955556 24.644445 -9.777778 -5.311111 -7.044445 -10.488889 
<Inverted_Deviation>
0.007420 0.009276 0.006374 0.010609 0.010800 0.009818 0.019650 0.023485 0.021158 
<LogVarVal> 45.025234
<Mixture> 1 <Weight> 0.144357
<Mean>
1116.799927 126.509087 155.090897 24.727272 80.472725 72.854546 0.454545 -6.600000 -9.436363 
<Inverted_Deviation>
0.008993 0.008604 0.008996 0.012801 0.009491 0.012494 0.021907 0.018255 0.021751 
<LogVarVal> 44.379528
<Mixture> 2 <Weight> 0.737533
<Mean>
1073.893188 -29.466192 -8.896797 -16.462633 -8.039145 -5.843416 -1.843416 4.106761 4.580071 
<Inverted_Deviation>
0.007633 0.011955 0.016909 0.022989 0.023740 0.026151 0.042099 0.040192 0.048420 
<LogVarVal> 39.099911
<State> 1
<NumMixes> 3
<Mixture> 0 <Weight> 0.445802
<Mean>
1317.681519 -9.034246 -9.626712 -69.736298 1.428082 2.441781 -34.178082 4.904109 2.458904 
<Inverted_Deviation>
0.009232 0.011332 0.033539 0.007565 0.020328 0.037928 0.029857 0.041130 0.056305 
<LogVarVal> 39.342934
<Mixture> 1 <Weight> 0.041221
<Mean>
1502.074097 -17.296297 -19.222223 -85.666664 -22.518518 10.703704 -48.333332 -0.222222 -0.370370 
<Inverted_Deviation>
0.018305 0.015688 0.043402 0.009326 0.030238 0.070711 0.027580 0.044463 0.070711 
<LogVarVal> 36.619652
<Mixture> 2 <Weight> 0.512977
<Mean>
1017.988098 9.607143 5.601191 -77.488098 14.232143 2.511905 33.133930 -3.857143 -2.699405 
<Inverted_Deviation>
0.007883 0.026335 0.035371 0.009025 0.025793 0.042803 0.024470 0.037549 0.048936 
<LogVarVal> 38.499245
<State> 2
<NumMixes> 3
<Mixture> 0 <Weight> 0.339450
<Mean>
1216.081055 -123.608109 101.689194 -40.817570 -11.804054 -4.513514 -6.101351 3.939189 -4.966217 
<Inverted_Deviation>
0.005569 0.006695 0.023827 0.008267 0.015253 0.026208 0.019092 0.020944 0.035244 
<LogVarVal> 42.875053
<Mixture> 1 <Weight> 0.266055
<Mean>
1723.068970 35.362068 -175.301727 -70.163795 31.025862 -25.853449 -8.517241 -2.163793 5.827586 
<Inverted_Deviation>
0.005293 0.004507 0.010263 0.014728 0.010197 0.013038 0.026450 0.019056 0.022195 
<LogVarVal> 44.918167
<Mixture> 2 <Weight> 0.394495
<Mean>
1511.447632 -295.255798 -12.912790 -29.476744 -16.883720 2.883721 -13.482558 9.127907 2.069767 
<Inverted_Deviation>
0.005690 0.009351 0.008191 0.009429 0.013942 0.023364 0.020625 0.026600 0.035734 
<LogVarVal> 43.330452
<State> 3
<NumMixes> 3
<Mixture> 0 <Weight> 0.400651
<Mean>
1600.569092 214.243896 21.130081 -168.731705 78.723572 33.463413 -27.837397 -16.959349 13.772357 
<Inverted_Deviation>
0.004964 0.005950 0.013854 0.009217 0.009723 0.013354 0.013749 0.012849 0.017039 
<LogVarVal> 46.209663
<Mixture> 1 <Weight> 0.175896
<Mean>
1687.963013 -62.944447 -53.833332 144.574081 17.074074 -13.222222 -84.703705 -10.129630 7.537037 
<Inverted_Deviation>
0.006048 0.007925 0.013628 0.007951 0.015699 0.027268 0.013728 0.021962 0.034404 
<LogVarVal> 43.459579
<Mixture> 2 <Weight> 0.423453
<Mean>
1163.069214 137.899994 65.069229 -121.015388 -24.453846 -13.153846 46.823078 2.961539 -14.984615 
<Inverted_Deviation>
0.005685 0.006197 0.011771 0.005529 0.014347 0.015148 0.020332 0.017516 0.019622 
<LogVarVal> 45.350136
<State> 4
<NumMixes> 3
<Mixture> 0 <Weight> 0.316456
<Mean>
1113.155640 -78.808891 17.453333 -36.715557 -9.897778 1.431111 53.066669 -4.626667 0.186667 
<Inverted_Deviation>
0.005572 0.012300 0.023635 0.006786 0.019015 0.024728 0.013909 0.021033 0.024460 
<LogVarVal> 42.987221
<Mixture> 1 <Weight> 0.434599
<Mean>
1771.637573 -3.524272 -3.035599 -32.368935 -5.744337 0.453074 -41.838188 -5.786408 -0.155340 
<Inverted_Deviation>
0.009681 0.016078 0.031777 0.009492 0.017242 0.032372 0.029562 0.032744 0.044344 
<LogVarVal> 39.572422
<Mixture> 2 <Weight> 0.248945
<Mean>
1487.638428 -66.073448 15.418079 -234.435028 -29.723164 9.943502 -13.621469 3.570621 -4.841808 
<Inverted_Deviation>
0.006100 0.013308 0.026327 0.009974 0.016051 0.026406 0.013045 0.023662 0.029231 
<LogVarVal> 42.197063
<State> 5
<NumMixes> 3
<Mixture> 0 <Weight> 0.233333
<Mean>
1692.241089 -297.312500 -51.339287 -27.848215 -43.446430 -30.517859 9.642858 16.294643 5.321429 
<Inverted_Deviation>
0.005044 0.005898 0.006575 0.009667 0.010481 0.008636 0.015196 0.016223 0.013605 
<LogVarVal> 47.152832
<Mixture> 1 <Weight> 0.258333
<Mean>
1342.725708 -180.911285 172.459671 -69.258064 -18.096773 20.056452 4.959677 13.104838 -16.951612 
<Inverted_Deviation>
0.003922 0.004341 0.005622 0.009611 0.007711 0.007828 0.014983 0.013346 0.012988 
<LogVarVal> 48.534340
<Mixture> 2 <Weight> 0.508333
<Mean>
1440.475342 180.614746 -27.241802 -57.733604 25.680326 -1.213115 6.717213 -6.848360 7.536885 
<Inverted_Deviation>
0.004241 0.006658 0.004824 0.013403 0.012257 0.012290 0.025079 0.018375 0.021643 
<LogVarVal> 45.588657
<TransP>
-0.190227 -1.753145 -10000000000.000000 -10000000000.000000 -10000000000.000000 -10000000000.000000 
-10000000000.000000 -0.106209 -2.294981 -10000000000.000000 -10000000000.000000 -10000000000.000000 
-10000000000.000000 -10000000000.000000 -0.164139 -1.887987 -10000000000.000000 -10000000000.000000 
-10000000000.000000 -10000000000.000000 -10000000000.000000 -0.242051 -1.537193 -10000000000.000000 
-10000000000.000000 -10000000000.000000 -10000000000.000000 -10000000000.000000 -0.097422 -2.377018 
-10000000000.000000 -10000000000.000000 -10000000000.000000 -10000000000.000000 -10000000000.000000 0.000000 
<EndEmbeddedHMM>
<BeginEmbeddedHMM>
<NumStates> 6
<State> 0
<NumMixes> 3
<Mixture> 0 <Weight> 0.353028
<Mean>
1386.686157 278.259399 58.200836 -85.556480 -40.451881 55.928867 -1.351464 -20.154812 -15.635983 
<Inverted_Deviation>
0.007604 0.011238 0.008263 0.011964 0.014038 0.013823 0.027794 0.030371 0.024042 
<LogVarVal> 43.093246
<Mixture> 1 <Weight> 0.344165
<Mean>
1751.141602 118.081543 -66.733902 -52.789700 53.703861 -9.068669 -11.738197 2.214592 10.330472 
<Inverted_Deviation>
0.006770 0.006113 0.011173 0.012780 0.016087 0.015338 0.028862 0.028626 0.025928 
<LogVarVal> 43.156281
<Mixture> 2 <Weight> 0.302806
<Mean>
1146.712158 80.302437 64.746338 -52.687805 -72.360977 -47.507317 19.180489 17.756098 3.580488 
<Inverted_Deviation>
0.010975 0.011928 0.015545 0.016458 0.018788 0.023502 0.027626 0.029936 0.028181 
<LogVarVal> 40.755322
<State> 1
<NumMixes> 3
<Mixture> 0 <Weight> 0.160470
<Mean>
1351.231689 -9.048780 -26.638210 68.524391 -3.756097 -4.422764 0.695122 3.813008 0.443089 
<Inverted_Deviation>
0.007367 0.006943 0.020899 0.034414 0.030577 0.053788 0.063340 0.070711 0.070711 
<LogVarVal> 36.737297
<Mixture> 1 <Weight> 0.446184
<Mean>
1021.698853 6.938597 6.994152 -0.228070 5.973684 1.419591 6.157895 -2.304094 1.147661 
<Inverted_Deviation>
0.020616 0.025727 0.057773 0.021727 0.036753 0.070711 0.029411 0.049818 0.070711 
<LogVarVal> 34.501255
<Mixture> 2 <Weight> 0.393346
<Mean>
1138.565552 11.608624 3.044776 31.456053 -6.538972 -0.054726 3.363184 -2.242123 0.353234 
<Inverted_Deviation>
0.016152 0.012138 0.029864 0.025109 0.029804 0.059441 0.063263 0.070012 0.070711 
<LogVarVal> 35.288586
<State> 2
<NumMixes> 3
<Mixture> 0 <Weight> 0.237410
<Mean>
1279.409058 -80.131310 -1.126263 190.989899 -48.752525 -4.550505 40.040405 -2.853535 0.101010 
<Inverted_Deviation>
0.009145 0.011556 0.019553 0.010761 0.024534 0.042762 0.007359 0.025047 0.033020 
<LogVarVal> 41.642014
<Mixture> 1 <Weight> 0.243405
<Mean>
1291.738892 -113.433495 7.310345 -159.334976 14.403940 25.009851 4.906404 24.364532 -7.935960 
<Inverted_Deviation>
0.007154 0.014019 0.028309 0.012223 0.012474 0.025438 0.008369 0.020513 0.026672 
<LogVarVal> 42.677391
<Mixture> 2 <Weight> 0.519185
<Mean>
1089.625854 -64.122398 17.000000 11.757505 2.736721 -4.170901 18.092379 -7.494226 -0.302540 
<Inverted_Deviation>
0.012688 0.019162 0.035776 0.009332 0.017199 0.035000 0.009475 0.019330 0.041192 
<LogVarVal> 40.687923
<State> 3
<NumMixes> 3
<Mixture> 0 <Weight> 0.269022
<Mean>
1504.757568 -78.994949 6.979798 224.898987 44.409092 -17.474747 -10.803030 13.813131 2.757576 
<Inverted_Deviation>
0.007869 0.012553 0.017364 0.010072 0.012196 0.022561 0.008246 0.019359 0.028387 
<LogVarVal> 43.527821
<Mixture> 1 <Weight> 0.266304
<Mean>
1637.535645 -100.051018 -28.775509 -4.173469 -29.709183 -2.382653 -33.377552 -2.362245 9.387754 
<Inverted_Deviation>
0.006918 0.011384 0.020796 0.007331 0.011042 0.021230 0.008867 0.014623 0.028467 
<LogVarVal> 44.257015
<Mixture> 2 <Weight> 0.464674
<Mean>
1316.704712 -33.555557 1.286550 -4.578948 -14.722222 3.555556 18.912281 0.289474 -2.269006 
<Inverted_Deviation>
0.011247 0.010653 0.021815 0.011850 0.013399 0.024831 0.007716 0.014502 0.026634 
<LogVarVal> 43.173096
<State> 4
<NumMixes> 3
<Mixture> 0 <Weight> 0.473143
<Mean>
1732.528931 7.060386 -4.381642 29.364735 0.074879 -1.398551 -4.446860 -2.698068 -0.722222 
<Inverted_Deviation>
0.011268 0.016821 0.031997 0.021018 0.025956 0.041345 0.036934 0.052758 0.061358 
<LogVarVal> 36.895504
<Mixture> 1 <Weight> 0.238857
<Mean>
1393.109985 -21.081339 5.961722 32.669857 10.253588 -16.373205 9.521531 -0.311005 2.985646 
<Inverted_Deviation>
0.014433 0.013912 0.016095 0.021240 0.017472 0.019870 0.031816 0.025282 0.028423 
<LogVarVal> 40.297310
<Mixture> 2 <Weight> 0.288000
<Mean>
1583.865112 -17.873016 6.555556 48.126987 16.408731 -2.226191 -3.500000 -3.218254 -0.869048 
<Inverted_Deviation>
0.014906 0.012593 0.021120 0.016463 0.025760 0.035639 0.033232 0.039457 0.055428 
<LogVarVal> 38.218700
<State> 5
<NumMixes> 3
<Mixture> 0 <Weight> 0.447568
<Mean>
1983.555542 -35.432365 -11.318840 -3.978261 -13.089372 -3.961353 -5.956522 -2.956522 0.272947 
<Inverted_Deviation>
0.013401 0.016616 0.023786 0.025769 0.028377 0.041021 0.046523 0.051216 0.060141 
<LogVarVal> 36.564762
<Mixture> 1 <Weight> 0.280000
<Mean>
1812.351318 -176.478760 -28.888031 -42.011581 -9.737452 26.220078 -2.034749 9.463321 5.536679 
<Inverted_Deviation>
0.010039 0.011891 0.013217 0.017685 0.017152 0.018684 0.029316 0.032838 0.028539 
<LogVarVal> 41.093819
<Mixture> 2 <Weight> 0.272432
<Mean>
1633.567505 -92.952385 44.404766 -40.722225 59.829369 4.896826 1.428571 3.253968 -7.948413 
<Inverted_Deviation>
0.008439 0.006744 0.012350 0.015176 0.018147 0.014251 0.028549 0.022457 0.021058 
<LogVarVal> 42.980507
<TransP>
-0.202313 -1.697390 -10000000000.000000 -10000000000.000000 -10000000000.000000 -10000000000.000000 
-10000000000.000000 -0.084346 -2.514700 -10000000000.000000 -10000000000.000000 -10000000000.000000 
-10000000000.000000 -10000000000.000000 -0.160968 -1.905952 -10000000000.000000 -10000000000.000000 
-10000000000.000000 -10000000000.000000 -10000000000.000000 -0.184498 -1.780949 -10000000000.000000 
-10000000000.000000 -10000000000.000000 -10000000000.000000 -10000000000.000000 -0.152818 -1.953942 
-10000000000.000000 -10000000000.000000 -10000000000.000000 -10000000000.000000 -10000000000.000000 0.000000 
<EndEmbeddedHMM>
<BeginEmbeddedHMM>
<NumStates> 3
<State> 0
<NumMixes> 3
<Mixture> 0 <Weight> 0.546185
<Mean>
1787.327271 24.488970 -24.996325 1.525735 10.492647 -8.915442 -3.687500 4.139706 -2.113971 
<Inverted_Deviation>
0.011492 0.011526 0.013331 0.032030 0.025819 0.035351 0.066828 0.057842 0.070711 
<LogVarVal> 37.043159
<Mixture> 1 <Weight> 0.184739
<Mean>
1088.326050 172.293488 113.836960 -28.945652 -51.402176 -14.804348 -0.152174 -9.119565 -9.032609 
<Inverted_Deviation>
0.008818 0.007909 0.015052 0.021857 0.015365 0.023567 0.039804 0.029936 0.037094 
<LogVarVal> 40.691746
<Mixture> 2 <Weight> 0.269076
<Mean>
1433.761108 333.753723 -33.447762 -35.447762 14.865671 34.380596 -6.410448 -6.649253 10.007463 
<Inverted_Deviation>
0.006102 0.014705 0.006077 0.019690 0.021132 0.018087 0.040653 0.049696 0.035270 
<LogVarVal> 40.919594
<State> 1
<NumMixes> 3
<Mixture> 0 <Weight> 0.588816
<Mean>
965.279358 -14.378026 5.793296 38.217876 -2.916201 -2.875233 15.813781 1.499069 -0.631285 
<Inverted_Deviation>
0.010855 0.023900 0.070711 0.011629 0.025209 0.070711 0.019781 0.055226 0.070711 
<LogVarVal> 36.309963
<Mixture> 1 <Weight> 0.172149
<Mean>
1333.687866 -54.662422 -8.796179 -46.707008 -21.923567 6.783440 -95.248405 9.267516 3.388535 
<Inverted_Deviation>
0.006179 0.013741 0.046060 0.007257 0.018217 0.060925 0.012985 0.026945 0.063592 
<LogVarVal> 40.045513
<Mixture> 2 <Weight> 0.239035
<Mean>
1207.839355 -0.954128 -8.183486 204.738525 -15.720182 -5.504587 -19.348623 -12.582568 3.600917 
<Inverted_Deviation>
0.006884 0.013028 0.059340 0.013656 0.022512 0.067436 0.012793 0.039948 0.070711 
<LogVarVal> 38.306885
<State> 2
<NumMixes> 3
<Mixture> 0 <Weight> 0.341844
<Mean>
1541.464844 -131.045654 -10.821577 -28.813280 -37.356850 22.033195 0.506224 6.000000 8.253113 
<Inverted_Deviation>
0.005778 0.006725 0.011981 0.010558 0.009012 0.009550 0.017828 0.012671 0.014425 
<LogVarVal> 46.276718
<Mixture> 1 <Weight> 0.346099
<Mean>
1811.360596 19.942621 -39.471310 98.885239 -67.795074 -2.323770 -23.536884 8.963114 10.499999 
<Inverted_Deviation>
0.005768 0.004762 0.007273 0.007591 0.007046 0.007764 0.012965 0.010354 0.009864 
<LogVarVal> 48.806427
<Mixture> 2 <Weight> 0.312057
<Mean>
1198.349976 3.163636 52.359089 63.522724 91.299995 -16.531818 38.254543 -12.245454 -25.504545 
<Inverted_Deviation>
0.005301 0.004388 0.015127 0.005605 0.009746 0.009373 0.014132 0.011413 0.014099 
<LogVarVal> 47.490143
<TransP>
-0.099133 -2.360452 -10000000000.000000 
-10000000000.000000 -0.052910 -2.965492 
-10000000000.000000 -10000000000.000000 0.000000 
<EndEmbeddedHMM>
