<NumSuperStates> 5
<NumStates> 3 6 6 6 3 
<NumMixtures> 3 3 3 3 3 3 3 3 3 3 3 3 3 3 3 3 3 3 3 3 3 3 3 3 
<VecSize> 9
<BeginExternalHMM>
<NumStates> 5
<TransP>
-0.100083 -2.351375 -10000000000.000000 -10000000000.000000 -10000000000.000000 
-10000000000.000000 -0.059423 -2.852631 -10000000000.000000 -10000000000.000000 
-10000000000.000000 -10000000000.000000 -0.095310 -2.397895 -10000000000.000000 
-10000000000.000000 -10000000000.000000 -10000000000.000000 -0.060018 -2.842969 
-10000000000.000000 -10000000000.000000 -10000000000.000000 -10000000000.000000 0.000000 
<EndExternalHMM>
<BeginEmbeddedHMM>
<NumStates> 3
<State> 0
<NumMixes> 3
<Mixture> 0 <Weight> 0.455882
<Mean>
2023.623657 90.121864 -40.017921 93.756271 -84.967743 25.451612 -32.623657 20.612904 8.351254 
<Inverted_Deviation>
0.005943 0.006356 0.013700 0.006957 0.008090 0.016112 0.016361 0.019364 0.016515 
<LogVarVal> 45.699539
<Mixture> 1 <Weight> 0.282680
<Mean>
1440.485474 333.277435 34.138729 302.653168 9.682080 -102.578033 31.815029 -84.063583 -16.716763 
<Inverted_Deviation>
0.004214 0.006061 0.010391 0.007641 0.006076 0.011210 0.013062 0.014974 0.009253 
<LogVarVal> 47.984276
<Mixture> 2 <Weight> 0.261438
<Mean>
1006.162537 112.187500 63.593750 145.675003 114.125000 50.618752 67.300003 45.593750 2.537500 
<Inverted_Deviation>
0.008002 0.008284 0.014947 0.009953 0.012166 0.021207 0.015473 0.022349 0.017096 
<LogVarVal> 43.887154
<State> 1
<NumMixes> 3
<Mixture> 0 <Weight> 0.106531
<Mean>
1676.255981 -52.773811 6.505952 421.559540 14.238095 -11.327381 -48.297619 11.815476 -2.755952 
<Inverted_Deviation>
0.004759 0.008021 0.029185 0.011524 0.016689 0.041756 0.008002 0.012501 0.032295 
<LogVarVal> 43.233860
<Mixture> 1 <Weight> 0.760938
<Mean>
910.035828 -8.609167 2.437500 13.909167 0.159167 0.561667 10.791667 -1.295000 0.526667 
<Inverted_Deviation>
0.011250 0.019833 0.049636 0.016132 0.034949 0.065466 0.029402 0.050904 0.070711 
<LogVarVal> 35.922787
<Mixture> 2 <Weight> 0.132530
<Mean>
1210.258301 -42.856457 8.449760 286.311005 -19.966507 5.971292 111.607651 3.377990 -3.401914 
<Inverted_Deviation>
0.006270 0.009607 0.027115 0.007197 0.011685 0.030645 0.015788 0.021238 0.036325 
<LogVarVal> 42.660755
<State> 2
<NumMixes> 3
<Mixture> 0 <Weight> 0.396285
<Mean>
2123.160156 -109.914063 -34.734375 119.109375 89.394531 16.230469 -44.878906 -17.867188 13.644531 
<Inverted_Deviation>
0.005858 0.006800 0.014956 0.007243 0.009505 0.016235 0.016971 0.018896 0.016442 
<LogVarVal> 45.341938
<Mixture> 1 <Weight> 0.373065
<Mean>
1127.481445 -59.796684 11.871370 50.319504 -51.763489 24.033195 33.858921 -17.294607 6.875519 
<Inverted_Deviation>
0.008009 0.009716 0.013742 0.007326 0.012591 0.018472 0.018030 0.023329 0.029019 
<LogVarVal> 43.495811
<Mixture> 2 <Weight> 0.230650
<Mean>
1562.503418 -311.268463 53.704697 268.704712 -43.489933 -87.469803 22.932886 66.080536 -27.953020 
<Inverted_Deviation>
0.004161 0.006833 0.009941 0.011267 0.006455 0.008909 0.015678 0.015937 0.009948 
<LogVarVal> 47.384918
<TransP>
-0.108634 -2.273597 -10000000000.000000 
-10000000000.000000 -0.040769 -3.220145 
-10000000000.000000 -10000000000.000000 0.000000 
<EndEmbeddedHMM>
<BeginEmbeddedHMM>
<NumStates> 6
<State> 0
<NumMixes> 3
<Mixture> 0 <Weight> 0.234818
<Mean>
1203.034424 397.224152 209.068970 65.353447 62.931034 -22.801723 10.586206 -4.844828 -22.146551 
<Inverted_Deviation>
0.006021 0.006607 0.009172 0.009927 0.011437 0.011037 0.034263 0.034673 0.031094 
<LogVarVal> 43.771244
<Mixture> 1 <Weight> 0.172065
<Mean>
1649.764771 417.082367 -124.447060 94.705887 -60.211765 -31.352942 3.341177 -12.129412 10.223530 
<Inverted_Deviation>
0.003534 0.004359 0.007690 0.011530 0.011454 0.007650 0.040467 0.028789 0.023165 
<LogVarVal> 45.425510
<Mixture> 2 <Weight> 0.593117
<Mean>
921.450500 9.068259 13.866894 3.204778 17.313993 19.668941 4.491467 8.788396 5.518771 
<Inverted_Deviation>
0.012992 0.009112 0.010432 0.017756 0.013534 0.020715 0.037541 0.035865 0.045907 
<LogVarVal> 40.657673
<State> 1
<NumMixes> 3
<Mixture> 0 <Weight> 0.707350
<Mean>
854.506226 -7.536702 2.740705 -13.746426 2.246902 0.742612 6.386082 -0.664442 0.419447 
<Inverted_Deviation>
0.018282 0.040201 0.070711 0.026938 0.061925 0.070711 0.034203 0.070711 0.070711 
<LogVarVal> 32.735115
<Mixture> 1 <Weight> 0.269724
<Mean>
931.929993 -12.205000 4.735000 30.102499 -9.215000 -3.070000 0.732500 0.047500 -1.065000 
<Inverted_Deviation>
0.026383 0.020852 0.057140 0.015331 0.040687 0.070711 0.015915 0.042610 0.070711 
<LogVarVal> 35.493122
<Mixture> 2 <Weight> 0.022927
<Mean>
1053.470581 -185.764709 62.529411 -36.823528 74.970589 -52.500000 29.441177 -21.029411 0.382353 
<Inverted_Deviation>
0.010183 0.015322 0.022558 0.019822 0.020673 0.048422 0.026519 0.027875 0.036173 
<LogVarVal> 39.065521
<State> 2
<NumMixes> 3
<Mixture> 0 <Weight> 0.617862
<Mean>
977.080627 -23.075830 10.189574 -59.462086 9.739337 -2.293839 9.139811 3.701422 -0.040284 
<Inverted_Deviation>
0.015091 0.013045 0.037761 0.015868 0.027048 0.046952 0.022011 0.038451 0.067921 
<LogVarVal> 37.536930
<Mixture> 1 <Weight> 0.222548
<Mean>
1089.519775 -80.328949 2.032895 52.894737 32.361843 -8.605263 -25.881578 -1.177632 5.861842 
<Inverted_Deviation>
0.011388 0.014323 0.034520 0.011815 0.019286 0.037726 0.012732 0.024788 0.050441 
<LogVarVal> 39.950813
<Mixture> 2 <Weight> 0.159590
<Mean>
1294.963257 31.779816 -61.715595 -136.532104 -11.614678 34.091743 42.669724 -2.183486 -9.128440 
<Inverted_Deviation>
0.006774 0.003689 0.009532 0.010297 0.007506 0.016983 0.014368 0.017420 0.025015 
<LogVarVal> 45.926163
<State> 3
<NumMixes> 3
<Mixture> 0 <Weight> 0.395349
<Mean>
1042.688232 -7.585294 8.502941 -27.705883 -1.020588 -1.508824 22.214706 3.841177 -0.100000 
<Inverted_Deviation>
0.011036 0.009932 0.030784 0.009971 0.020964 0.041237 0.016631 0.027690 0.048612 
<LogVarVal> 40.119137
<Mixture> 1 <Weight> 0.402326
<Mean>
1241.973999 -47.797688 -8.572254 -122.236992 -10.647399 6.549133 -12.387283 7.841040 -1.702312 
<Inverted_Deviation>
0.008316 0.014238 0.031961 0.014358 0.017755 0.036782 0.015394 0.027812 0.049943 
<LogVarVal> 39.966156
<Mixture> 2 <Weight> 0.202326
<Mean>
1282.752930 -8.235632 -9.350574 65.839081 -54.022987 2.591954 -76.045975 1.862069 7.172414 
<Inverted_Deviation>
0.008637 0.017078 0.036865 0.011890 0.015888 0.028400 0.009719 0.019846 0.037447 
<LogVarVal> 41.247360
<State> 4
<NumMixes> 3
<Mixture> 0 <Weight> 0.329412
<Mean>
1530.880981 -63.470238 -40.023811 -17.202381 63.720238 -26.738096 -27.547619 10.333334 6.988095 
<Inverted_Deviation>
0.006460 0.007030 0.013865 0.007312 0.012659 0.021465 0.015443 0.021892 0.032430 
<LogVarVal> 43.979271
<Mixture> 1 <Weight> 0.249020
<Mean>
1127.275635 -59.330708 8.338583 3.015748 -12.952756 9.417323 23.385826 4.448819 3.173228 
<Inverted_Deviation>
0.008025 0.010298 0.021171 0.013527 0.017469 0.025710 0.016217 0.021490 0.029619 
<LogVarVal> 41.899872
<Mixture> 2 <Weight> 0.421569
<Mean>
1229.762817 -29.032558 14.869767 185.790695 7.125581 -13.646512 18.758139 -16.739534 -7.827907 
<Inverted_Deviation>
0.007562 0.009980 0.028991 0.010659 0.014505 0.026339 0.007726 0.017862 0.032492 
<LogVarVal> 42.910179
<State> 5
<NumMixes> 3
<Mixture> 0 <Weight> 0.427692
<Mean>
1018.773376 79.212234 67.877701 -29.115108 -52.309353 -6.039568 16.820145 -3.028777 1.010791 
<Inverted_Deviation>
0.006455 0.005663 0.011839 0.010695 0.012710 0.014741 0.036935 0.027104 0.028736 
<LogVarVal> 43.381191
<Mixture> 1 <Weight> 0.329231
<Mean>
1315.331787 184.336441 -96.752335 -74.285042 34.271027 49.794392 -6.471962 -22.032709 8.032710 
<Inverted_Deviation>
0.007226 0.005461 0.006913 0.010847 0.009937 0.012006 0.031460 0.020602 0.019479 
<LogVarVal> 45.103271
<Mixture> 2 <Weight> 0.243077
<Mean>
1327.746826 -373.702545 199.626587 38.291142 -22.202532 -24.525316 10.525317 4.537975 -17.449368 
<Inverted_Deviation>
0.004793 0.004547 0.004831 0.007063 0.010141 0.009223 0.027912 0.025667 0.022522 
<LogVarVal> 46.482422
<TransP>
-0.236389 -1.558145 -10000000000.000000 -10000000000.000000 -10000000000.000000 -10000000000.000000 
-10000000000.000000 -0.072708 -2.657431 -10000000000.000000 -10000000000.000000 -10000000000.000000 
-10000000000.000000 -10000000000.000000 -0.165192 -1.882104 -10000000000.000000 -10000000000.000000 
-10000000000.000000 -10000000000.000000 -10000000000.000000 -0.128891 -2.112541 -10000000000.000000 
-10000000000.000000 -10000000000.000000 -10000000000.000000 -10000000000.000000 -0.228058 -1.590020 
-10000000000.000000 -10000000000.000000 -10000000000.000000 -10000000000.000000 -10000000000.000000 0.000000 
<EndEmbeddedHMM>
<BeginEmbeddedHMM>
<NumStates> 6
<State> 0
<NumMixes> 3
<Mixture> 0 <Weight> 0.689855
<Mean>
1010.840393 -39.487396 7.130252 -15.701681 -9.411765 -13.415967 -1.781513 6.037816 1.092437 
<Inverted_Deviation>
0.008364 0.013019 0.010323 0.018892 0.021012 0.023479 0.042115 0.035489 0.043105 
<LogVarVal> 40.083076
<Mixture> 1 <Weight> 0.113043
<Mean>
1584.128174 413.179504 -148.358978 -37.256413 29.333334 21.692308 -6.923077 2.410256 5.307693 
<Inverted_Deviation>
0.005210 0.006538 0.008232 0.018614 0.024664 0.015693 0.041274 0.050536 0.028306 
<LogVarVal> 41.816196
<Mixture> 2 <Weight> 0.197101
<Mean>
1263.352905 351.441193 220.823532 -48.867649 -22.691177 18.911764 -5.794117 -5.367647 -7.750000 
<Inverted_Deviation>
0.007106 0.006778 0.009248 0.015440 0.014611 0.015832 0.028639 0.032883 0.026088 
<LogVarVal> 42.932076
<State> 1
<NumMixes> 3
<Mixture> 0 <Weight> 0.483412
<Mean>
910.310486 8.937908 5.908497 -33.101307 11.179739 0.408497 21.316994 -6.352941 -0.241830 
<Inverted_Deviation>
0.012819 0.021546 0.049147 0.013441 0.031771 0.055366 0.033110 0.059909 0.070711 
<LogVarVal> 35.883068
<Mixture> 1 <Weight> 0.241706
<Mean>
1338.385620 -11.137255 -24.666666 0.065359 -12.137255 2.405229 -41.176472 -4.248366 3.915033 
<Inverted_Deviation>
0.009103 0.008929 0.028866 0.010488 0.020887 0.047637 0.030852 0.051540 0.070711 
<LogVarVal> 38.677391
<Mixture> 2 <Weight> 0.274882
<Mean>
1146.453979 -30.281609 -5.212644 -163.672409 9.994253 10.827586 -17.580460 12.413793 0.551724 
<Inverted_Deviation>
0.008966 0.022077 0.044716 0.014027 0.016372 0.047256 0.015911 0.034141 0.058496 
<LogVarVal> 38.574203
<State> 2
<NumMixes> 3
<Mixture> 0 <Weight> 0.524590
<Mean>
1056.083374 -17.635418 38.942711 -24.281250 -18.947918 2.963542 8.848959 0.463542 -2.916667 
<Inverted_Deviation>
0.007675 0.007328 0.014038 0.007786 0.014850 0.021653 0.017925 0.025135 0.035279 
<LogVarVal> 43.150520
<Mixture> 1 <Weight> 0.475410
<Mean>
1275.252930 -196.965515 66.718391 56.551723 -57.862068 -1.614943 -16.034483 6.505747 -3.511494 
<Inverted_Deviation>
0.007661 0.004691 0.010886 0.006265 0.014549 0.026154 0.022698 0.023894 0.038261 
<LogVarVal> 43.634827
<Mixture> 2 <Weight> 0.000000
<Mean>
0.000000 0.000000 0.000000 0.000000 0.000000 0.000000 0.000000 0.000000 0.000000 
<Inverted_Deviation>
0.070711 0.070711 0.070711 0.070711 0.070711 0.070711 0.070711 0.070711 0.070711 
<LogVarVal> 28.993713
<State> 3
<NumMixes> 3
<Mixture> 0 <Weight> 0.304673
<Mean>
1697.662598 106.515335 -54.312881 -120.049080 87.104294 0.613497 -53.429447 2.159509 12.858895 
<Inverted_Deviation>
0.006346 0.006907 0.009097 0.006340 0.014196 0.018776 0.014740 0.013653 0.021274 
<LogVarVal> 45.538349
<Mixture> 1 <Weight> 0.482243
<Mean>
1564.492188 -151.689926 -48.116280 122.829460 18.120155 -22.352713 -15.356589 15.674418 3.860465 
<Inverted_Deviation>
0.006500 0.005813 0.008993 0.005651 0.010192 0.016257 0.010810 0.016888 0.021665 
<LogVarVal> 46.368122
<Mixture> 2 <Weight> 0.213084
<Mean>
1277.745605 107.587723 28.377193 -226.052628 -26.166666 24.140350 74.061401 -42.482456 -21.859650 
<Inverted_Deviation>
0.006099 0.004620 0.014100 0.006546 0.008279 0.017582 0.014356 0.014754 0.023582 
<LogVarVal> 45.960670
<State> 4
<NumMixes> 3
<Mixture> 0 <Weight> 0.179063
<Mean>
1073.253906 -34.476925 22.776922 -101.561539 -18.776922 -11.730769 67.553848 6.030769 3.530769 
<Inverted_Deviation>
0.007216 0.010538 0.019878 0.009010 0.014308 0.032539 0.018042 0.020026 0.032589 
<LogVarVal> 42.284775
<Mixture> 1 <Weight> 0.249311
<Mean>
1503.613281 -39.055248 17.983427 -274.690613 -10.900553 17.497238 -26.408840 -6.348066 -1.502762 
<Inverted_Deviation>
0.005981 0.008486 0.041972 0.011183 0.014536 0.034160 0.009596 0.016302 0.037576 
<LogVarVal> 42.356010
<Mixture> 2 <Weight> 0.571625
<Mean>
1786.385620 -13.053012 -7.915663 20.224096 8.065061 0.677108 -44.462650 -3.378313 -0.272289 
<Inverted_Deviation>
0.009493 0.014367 0.033743 0.007826 0.015281 0.032052 0.018781 0.028913 0.042527 
<LogVarVal> 40.588074
<State> 5
<NumMixes> 3
<Mixture> 0 <Weight> 0.295890
<Mean>
1427.685181 -192.629639 126.166664 -89.842590 -33.166668 14.657408 29.740742 21.398148 -15.888889 
<Inverted_Deviation>
0.005117 0.004960 0.005080 0.009802 0.008501 0.008758 0.011501 0.016776 0.013394 
<LogVarVal> 48.011875
<Mixture> 1 <Weight> 0.350685
<Mean>
1496.679688 192.445313 -56.757813 -94.812500 25.703125 -6.914063 7.023438 -16.007813 10.828125 
<Inverted_Deviation>
0.004984 0.006691 0.005426 0.011695 0.009963 0.008989 0.016930 0.015069 0.016093 
<LogVarVal> 46.848759
<Mixture> 2 <Weight> 0.353425
<Mean>
1750.984497 -82.604652 41.875969 -62.992249 8.542636 3.658915 -19.186047 3.434108 3.883721 
<Inverted_Deviation>
0.008152 0.005002 0.006514 0.009663 0.010609 0.010040 0.014207 0.018105 0.016979 
<LogVarVal> 46.420509
<TransP>
-0.212333 -1.653890 -10000000000.000000 -10000000000.000000 -10000000000.000000 -10000000000.000000 
-10000000000.000000 -0.110111 -2.260816 -10000000000.000000 -10000000000.000000 -10000000000.000000 
-10000000000.000000 -10000000000.000000 -0.198851 -1.712979 -10000000000.000000 -10000000000.000000 
-10000000000.000000 -10000000000.000000 -10000000000.000000 -0.131664 -2.092612 -10000000000.000000 
-10000000000.000000 -10000000000.000000 -10000000000.000000 -10000000000.000000 -0.095310 -2.397895 
-10000000000.000000 -10000000000.000000 -10000000000.000000 -10000000000.000000 -10000000000.000000 0.000000 
<EndEmbeddedHMM>
<BeginEmbeddedHMM>
<NumStates> 6
<State> 0
<NumMixes> 3
<Mixture> 0 <Weight> 0.288858
<Mean>
1118.938110 137.595245 94.447624 -73.719048 -96.976196 -45.057144 20.500000 14.561905 -7.490477 
<Inverted_Deviation>
0.008582 0.007718 0.010678 0.012689 0.015471 0.018237 0.021205 0.019900 0.019180 
<LogVarVal> 43.577633
<Mixture> 1 <Weight> 0.376891
<Mean>
1843.945190 95.251823 -65.127739 -43.886860 57.291969 -24.372263 -11.321168 5.700730 6.635036 
<Inverted_Deviation>
0.007948 0.006569 0.009861 0.011553 0.012657 0.017954 0.026145 0.027545 0.025926 
<LogVarVal> 43.369461
<Mixture> 2 <Weight> 0.334250
<Mean>
1458.127563 354.995880 13.802468 -102.275719 -6.991769 83.917694 2.897119 -27.609053 -5.172839 
<Inverted_Deviation>
0.006163 0.013183 0.006185 0.010486 0.010889 0.014123 0.019181 0.025081 0.017732 
<LogVarVal> 44.664585
<State> 1
<NumMixes> 3
<Mixture> 0 <Weight> 0.155556
<Mean>
1181.857178 -65.170067 2.789116 82.952377 -16.768707 -7.047619 6.170068 6.931973 -2.768708 
<Inverted_Deviation>
0.009583 0.027939 0.044792 0.030780 0.028359 0.055051 0.044250 0.061831 0.070711 
<LogVarVal> 34.976116
<Mixture> 1 <Weight> 0.020106
<Mean>
1074.684204 124.578949 75.947372 -88.421051 -130.894745 -78.157898 41.315788 44.210526 14.631579 
<Inverted_Deviation>
0.013277 0.012522 0.039460 0.018011 0.020802 0.021194 0.054554 0.032761 0.018584 
<LogVarVal> 39.141769
<Mixture> 2 <Weight> 0.824339
<Mean>
991.570007 1.372272 1.871630 11.155328 -2.532734 0.718870 2.417202 -1.125802 1.558408 
<Inverted_Deviation>
0.015950 0.030954 0.064781 0.028168 0.035988 0.070711 0.055782 0.064033 0.070711 
<LogVarVal> 33.328621
<State> 2
<NumMixes> 3
<Mixture> 0 <Weight> 0.077465
<Mean>
1354.068237 12.363637 -55.772728 76.840912 17.613636 1.454545 -10.181818 -8.772728 5.045455 
<Inverted_Deviation>
0.012048 0.008674 0.018404 0.039284 0.042360 0.051113 0.039344 0.053342 0.057911 
<LogVarVal> 36.700180
<Mixture> 1 <Weight> 0.716549
<Mean>
985.749390 -25.122850 18.486486 0.437346 6.695332 -0.331695 6.407862 -0.432432 0.601966 
<Inverted_Deviation>
0.014948 0.015131 0.037893 0.012399 0.022504 0.053235 0.013487 0.022558 0.052020 
<LogVarVal> 38.989510
<Mixture> 2 <Weight> 0.205986
<Mean>
1143.726563 94.119659 -5.213675 47.735046 25.666668 -1.794872 0.128205 -1.025641 0.888889 
<Inverted_Deviation>
0.011325 0.011433 0.014063 0.017567 0.021759 0.036396 0.025687 0.037705 0.067818 
<LogVarVal> 39.180965
<State> 3
<NumMixes> 3
<Mixture> 0 <Weight> 0.346793
<Mean>
1268.407471 -104.907532 6.952055 -128.356171 0.023973 22.784246 -21.678082 26.051371 0.030822 
<Inverted_Deviation>
0.006668 0.014059 0.026914 0.010715 0.012703 0.025597 0.007548 0.017958 0.026211 
<LogVarVal> 43.156494
<Mixture> 1 <Weight> 0.241093
<Mean>
1477.994995 -77.024628 -26.325123 114.477829 -3.704433 -18.847290 -71.394089 -10.049261 2.399015 
<Inverted_Deviation>
0.007083 0.009932 0.018219 0.005564 0.009296 0.020253 0.009088 0.020585 0.029722 
<LogVarVal> 44.587547
<Mixture> 2 <Weight> 0.412114
<Mean>
1163.582153 -76.518730 3.360230 82.345818 -4.397695 -5.956772 65.544670 -15.319884 -4.538905 
<Inverted_Deviation>
0.007535 0.018889 0.028525 0.007573 0.015135 0.031421 0.006957 0.019882 0.028091 
<LogVarVal> 42.558083
<State> 4
<NumMixes> 3
<Mixture> 0 <Weight> 0.508682
<Mean>
1626.000000 -1.337349 -4.652610 35.251003 -6.064257 1.724900 -3.134538 -1.751004 2.674699 
<Inverted_Deviation>
0.009839 0.014746 0.025740 0.012736 0.017595 0.025889 0.021011 0.027705 0.035514 
<LogVarVal> 40.493286
<Mixture> 1 <Weight> 0.217569
<Mean>
1378.492920 36.399063 8.154930 99.816902 1.671362 -14.117372 -7.338028 -13.516432 4.511737 
<Inverted_Deviation>
0.008436 0.013331 0.026705 0.012798 0.012123 0.031327 0.014854 0.025262 0.035324 
<LogVarVal> 41.332664
<Mixture> 2 <Weight> 0.273749
<Mean>
1438.350708 -64.011192 -3.921642 -21.134327 -15.988806 0.615672 19.652985 18.126865 -3.660448 
<Inverted_Deviation>
0.010847 0.009394 0.014533 0.014641 0.011655 0.025428 0.013744 0.015408 0.024786 
<LogVarVal> 43.079350
<State> 5
<NumMixes> 3
<Mixture> 0 <Weight> 0.266551
<Mean>
1545.359497 -99.934639 70.274513 0.156863 89.130722 -37.581699 15.346405 -16.235294 -8.725491 
<Inverted_Deviation>
0.005953 0.008349 0.015764 0.013391 0.015192 0.017458 0.025668 0.020160 0.019114 
<LogVarVal> 43.282692
<Mixture> 1 <Weight> 0.376307
<Mean>
1762.638916 -231.541672 20.944445 -32.949074 23.578703 45.606483 2.013889 14.717592 -2.773148 
<Inverted_Deviation>
0.008151 0.010392 0.009907 0.013985 0.014409 0.014246 0.026234 0.025482 0.019936 
<LogVarVal> 43.128761
<Mixture> 2 <Weight> 0.357143
<Mean>
2020.136597 -98.741463 -55.546341 -21.478048 -31.087805 -8.458536 -5.360976 -1.800000 4.931707 
<Inverted_Deviation>
0.010117 0.009078 0.016170 0.018926 0.018218 0.023067 0.039560 0.033949 0.033085 
<LogVarVal> 40.334698
<TransP>
-0.152776 -1.954198 -10000000000.000000 -10000000000.000000 -10000000000.000000 -10000000000.000000 
-10000000000.000000 -0.115405 -2.216456 -10000000000.000000 -10000000000.000000 -10000000000.000000 
-10000000000.000000 -10000000000.000000 -0.200084 -1.707392 -10000000000.000000 -10000000000.000000 
-10000000000.000000 -10000000000.000000 -10000000000.000000 -0.130482 -2.101051 -10000000000.000000 
-10000000000.000000 -10000000000.000000 -10000000000.000000 -10000000000.000000 -0.111166 -2.251803 
-10000000000.000000 -10000000000.000000 -10000000000.000000 -10000000000.000000 -10000000000.000000 0.000000 
<EndEmbeddedHMM>
<BeginEmbeddedHMM>
<NumStates> 3
<State> 0
<NumMixes> 3
<Mixture> 0 <Weight> 0.279452
<Mean>
1376.098145 300.230408 -15.916667 102.911766 -16.431374 -22.338236 -45.980392 -41.392159 19.803923 
<Inverted_Deviation>
0.005080 0.006323 0.006821 0.003741 0.008157 0.008137 0.012744 0.013579 0.012957 
<LogVarVal> 48.701553
<Mixture> 1 <Weight> 0.230137
<Mean>
990.476196 128.482147 81.071426 81.166672 51.541668 16.571428 17.416668 -0.220238 -16.434525 
<Inverted_Deviation>
0.008216 0.008351 0.010654 0.005821 0.006470 0.011447 0.015388 0.013059 0.017653 
<LogVarVal> 46.486320
<Mixture> 2 <Weight> 0.490411
<Mean>
1804.645142 36.519550 -26.642458 22.550280 -3.201117 4.008380 -20.201117 17.446926 -3.670391 
<Inverted_Deviation>
0.007987 0.009441 0.014590 0.009653 0.010597 0.020384 0.020106 0.023398 0.027673 
<LogVarVal> 43.201149
<State> 1
<NumMixes> 3
<Mixture> 0 <Weight> 0.113050
<Mean>
1291.778564 -10.268456 -14.993289 160.583893 -16.530201 -6.838926 -38.684563 -10.020134 2.872483 
<Inverted_Deviation>
0.007682 0.010198 0.043003 0.007706 0.022776 0.064640 0.012897 0.043627 0.070711 
<LogVarVal> 39.270878
<Mixture> 1 <Weight> 0.647193
<Mean>
900.603699 -12.966002 2.155920 9.167644 1.211020 -0.737397 5.817116 0.341149 0.418523 
<Inverted_Deviation>
0.016993 0.039843 0.070711 0.022936 0.048955 0.070711 0.049312 0.070711 0.070711 
<LogVarVal> 32.847145
<Mixture> 2 <Weight> 0.239757
<Mean>
1055.379761 -33.110760 5.079114 74.481018 5.974684 -2.335443 11.835443 -0.582278 -1.537975 
<Inverted_Deviation>
0.013060 0.013897 0.043675 0.008390 0.017889 0.057976 0.015205 0.034298 0.070711 
<LogVarVal> 38.756561
<State> 2
<NumMixes> 3
<Mixture> 0 <Weight> 0.256065
<Mean>
1921.273804 -118.194740 -46.668423 57.157898 32.368423 -2.689474 -27.915791 -13.547369 12.236842 
<Inverted_Deviation>
0.005971 0.006692 0.012721 0.007828 0.009640 0.012712 0.017630 0.017359 0.017374 
<LogVarVal> 45.645100
<Mixture> 1 <Weight> 0.289757
<Mean>
1463.860474 -179.823257 24.925581 88.846512 -83.460464 -7.027907 -4.153488 30.041861 -15.474419 
<Inverted_Deviation>
0.006669 0.005866 0.007241 0.005734 0.007625 0.008598 0.015035 0.011798 0.012840 
<LogVarVal> 48.014462
<Mixture> 2 <Weight> 0.454178
<Mean>
1216.581543 -41.296734 10.403561 0.409496 3.712166 12.480712 7.706232 -3.783383 2.094955 
<Inverted_Deviation>
0.007811 0.006693 0.010215 0.011045 0.011026 0.015204 0.023669 0.020072 0.025676 
<LogVarVal> 44.107727
<TransP>
-0.088756 -2.465910 -10000000000.000000 
-10000000000.000000 -0.048183 -3.056736 
-10000000000.000000 -10000000000.000000 0.000000 
<EndEmbeddedHMM>
