<NumSuperStates> 5
<NumStates> 3 6 6 6 3 
<NumMixtures> 3 3 3 3 3 3 3 3 3 3 3 3 3 3 3 3 3 3 3 3 3 3 3 3 
<VecSize> 9
<BeginExternalHMM>
<NumStates> 5
<TransP>
-0.115513 -2.215574 -10000000000.000000 -10000000000.000000 -10000000000.000000 
-10000000000.000000 -0.061244 -2.823361 -10000000000.000000 -10000000000.000000 
-10000000000.000000 -10000000000.000000 -0.105361 -2.302585 -10000000000.000000 
-10000000000.000000 -10000000000.000000 -10000000000.000000 -0.059423 -2.852631 
-10000000000.000000 -10000000000.000000 -10000000000.000000 -10000000000.000000 0.000000 
<EndExternalHMM>
<BeginEmbeddedHMM>
<NumStates> 3
<State> 0
<NumMixes> 3
<Mixture> 0 <Weight> 0.459866
<Mean>
1935.603638 91.850906 -22.559999 139.170914 -89.701820 10.621819 -54.061817 21.134546 11.225454 
<Inverted_Deviation>
0.005974 0.008371 0.028060 0.006151 0.010635 0.022414 0.017044 0.020513 0.020381 
<LogVarVal> 43.912560
<Mixture> 1 <Weight> 0.295987
<Mean>
1431.610229 222.333328 20.790960 353.661011 14.870056 -63.491524 17.141243 -92.344635 -12.146893 
<Inverted_Deviation>
0.004761 0.009843 0.036358 0.016532 0.007718 0.019055 0.013950 0.018124 0.012191 
<LogVarVal> 44.050785
<Mixture> 2 <Weight> 0.244147
<Mean>
1040.431519 91.554794 40.342464 169.239731 112.616440 26.445206 78.753426 40.760273 -2.719178 
<Inverted_Deviation>
0.007287 0.010281 0.037197 0.009225 0.016399 0.034088 0.027200 0.028261 0.020444 
<LogVarVal> 41.177814
<State> 1
<NumMixes> 3
<Mixture> 0 <Weight> 0.158079
<Mean>
1401.386841 14.939227 8.867404 371.817688 2.823205 -0.342541 105.828735 -12.149172 -8.397790 
<Inverted_Deviation>
0.004262 0.009314 0.034233 0.008919 0.016157 0.042805 0.007280 0.017413 0.048807 
<LogVarVal> 42.649231
<Mixture> 1 <Weight> 0.235808
<Mean>
1229.514771 -7.962963 -7.600000 -78.922218 -10.959259 5.988889 -7.722222 5.066667 2.785185 
<Inverted_Deviation>
0.008548 0.009357 0.019527 0.009548 0.014779 0.029453 0.027351 0.032727 0.043050 
<LogVarVal> 41.075726
<Mixture> 2 <Weight> 0.606114
<Mean>
1023.894775 -14.021613 5.848703 0.059078 8.301152 1.479827 24.742075 -0.113833 1.286744 
<Inverted_Deviation>
0.008403 0.013720 0.033477 0.009697 0.020507 0.041112 0.019488 0.040084 0.048387 
<LogVarVal> 39.513981
<State> 2
<NumMixes> 3
<Mixture> 0 <Weight> 0.483607
<Mean>
2189.954834 -69.793785 -26.785311 70.375710 65.341805 24.293785 -32.556496 -27.661016 -2.209039 
<Inverted_Deviation>
0.008295 0.009677 0.022910 0.009009 0.009916 0.022948 0.020138 0.023348 0.023845 
<LogVarVal> 42.853725
<Mixture> 1 <Weight> 0.270492
<Mean>
1742.116211 -241.444443 4.949495 327.863647 47.944443 -71.540405 -8.626263 96.429291 20.909090 
<Inverted_Deviation>
0.004984 0.011465 0.022243 0.011985 0.007131 0.015345 0.012208 0.016427 0.010366 
<LogVarVal> 45.355003
<Mixture> 2 <Weight> 0.245902
<Mean>
1292.311157 -144.461121 33.772224 179.277786 -125.600006 22.650000 82.427780 -32.344444 -19.905556 
<Inverted_Deviation>
0.005952 0.010782 0.023233 0.007746 0.015233 0.018894 0.015864 0.015853 0.014598 
<LogVarVal> 44.096081
<TransP>
-0.096481 -2.386258 -10000000000.000000 
-10000000000.000000 -0.049227 -3.035827 
-10000000000.000000 -10000000000.000000 0.000000 
<EndEmbeddedHMM>
<BeginEmbeddedHMM>
<NumStates> 6
<State> 0
<NumMixes> 3
<Mixture> 0 <Weight> 0.065166
<Mean>
1236.000000 362.054535 97.199997 179.127274 59.509090 -54.618179 17.254545 -29.472727 -37.181816 
<Inverted_Deviation>
0.003777 0.009025 0.007043 0.009493 0.006907 0.009095 0.033518 0.021410 0.012624 
<LogVarVal> 46.337944
<Mixture> 1 <Weight> 0.850711
<Mean>
846.573792 -23.923397 5.016713 -11.770195 10.075209 1.331476 4.426184 1.093315 -0.005571 
<Inverted_Deviation>
0.012341 0.020091 0.031356 0.027741 0.042162 0.052353 0.070711 0.070711 0.070711 
<LogVarVal> 34.564232
<Mixture> 2 <Weight> 0.084123
<Mean>
920.422546 137.014084 95.253517 101.605629 105.169014 61.295773 41.225353 38.436619 16.169014 
<Inverted_Deviation>
0.012241 0.010398 0.013085 0.012823 0.014538 0.025323 0.029595 0.028437 0.023792 
<LogVarVal> 41.538906
<State> 1
<NumMixes> 3
<Mixture> 0 <Weight> 0.805298
<Mean>
930.901306 -17.881578 6.164474 1.978618 -8.825658 0.207237 0.777961 -1.625000 0.930921 
<Inverted_Deviation>
0.019249 0.016522 0.035357 0.019398 0.020765 0.042064 0.029016 0.040119 0.065791 
<LogVarVal> 37.009598
<Mixture> 1 <Weight> 0.050331
<Mean>
1413.710571 -170.631577 -4.447369 109.078949 -40.789474 -12.000000 -83.973686 2.026316 8.184211 
<Inverted_Deviation>
0.006238 0.021222 0.034985 0.005596 0.027785 0.043602 0.020235 0.040331 0.070711 
<LogVarVal> 39.095692
<Mixture> 2 <Weight> 0.144371
<Mean>
1100.743042 -144.724762 19.458715 4.091743 -7.642201 7.000000 9.311926 15.495412 -6.944954 
<Inverted_Deviation>
0.010465 0.013533 0.042104 0.005199 0.011452 0.039516 0.013100 0.037148 0.057942 
<LogVarVal> 40.617493
<State> 2
<NumMixes> 3
<Mixture> 0 <Weight> 0.251082
<Mean>
1683.310303 -29.540230 -37.724136 -17.310345 -16.919540 -4.344828 -28.591953 -7.114943 -1.195402 
<Inverted_Deviation>
0.006750 0.006730 0.035075 0.007496 0.022341 0.060558 0.023568 0.058616 0.070711 
<LogVarVal> 39.233715
<Mixture> 1 <Weight> 0.473304
<Mean>
1087.789551 -52.576218 0.731707 0.268293 3.993902 0.545732 -1.472561 0.432927 0.384146 
<Inverted_Deviation>
0.011096 0.023060 0.026318 0.021734 0.026030 0.037818 0.046893 0.050432 0.067129 
<LogVarVal> 36.560127
<Mixture> 2 <Weight> 0.275613
<Mean>
1329.397949 -119.712044 -0.340314 20.057592 6.000000 -4.528796 -2.251309 10.214660 3.041885 
<Inverted_Deviation>
0.008509 0.009345 0.024549 0.004779 0.020320 0.027715 0.027653 0.042690 0.050615 
<LogVarVal> 40.848499
<State> 3
<NumMixes> 3
<Mixture> 0 <Weight> 0.163110
<Mean>
1611.775635 109.429901 -17.523363 8.607476 17.345795 8.869159 -30.289719 1.514019 0.233645 
<Inverted_Deviation>
0.006181 0.009434 0.015013 0.005589 0.019021 0.018151 0.018980 0.026792 0.025508 
<LogVarVal> 43.510815
<Mixture> 1 <Weight> 0.336890
<Mean>
1134.538452 -7.049774 17.619911 91.778282 -17.190046 -7.746607 26.927603 -6.135747 -0.936652 
<Inverted_Deviation>
0.012024 0.008395 0.018506 0.009983 0.014168 0.024620 0.015233 0.032295 0.046092 
<LogVarVal> 41.603901
<Mixture> 2 <Weight> 0.500000
<Mean>
1303.045654 63.780487 -9.167683 -4.823171 -11.792683 4.435976 -2.993902 -5.121951 1.246951 
<Inverted_Deviation>
0.010150 0.010123 0.013697 0.011636 0.016807 0.021781 0.022291 0.041806 0.035483 
<LogVarVal> 41.308365
<State> 4
<NumMixes> 3
<Mixture> 0 <Weight> 0.225502
<Mean>
1226.701538 150.287964 -34.261780 -83.643982 -0.921466 49.031414 14.534032 -19.020943 -4.424084 
<Inverted_Deviation>
0.007936 0.008490 0.009374 0.008475 0.008592 0.014637 0.016508 0.018571 0.020324 
<LogVarVal> 45.163979
<Mixture> 1 <Weight> 0.582054
<Mean>
1035.878296 38.198784 17.693712 -1.139959 -7.160243 0.125761 14.659229 -2.135903 0.190669 
<Inverted_Deviation>
0.012457 0.010309 0.021584 0.012411 0.015515 0.021136 0.027140 0.028194 0.031569 
<LogVarVal> 40.990238
<Mixture> 2 <Weight> 0.192444
<Mean>
1248.944702 -83.674843 -36.085888 42.607361 77.760735 -31.644171 -3.705521 17.226994 2.214724 
<Inverted_Deviation>
0.008661 0.006925 0.009409 0.006014 0.011368 0.014084 0.011421 0.020163 0.019160 
<LogVarVal> 45.723377
<State> 5
<NumMixes> 3
<Mixture> 0 <Weight> 0.217333
<Mean>
1194.496948 -282.969330 187.662567 120.773003 -109.018402 24.981594 24.042944 -6.895705 -23.987730 
<Inverted_Deviation>
0.006626 0.006131 0.010286 0.008413 0.012065 0.012593 0.036001 0.023363 0.018078 
<LogVarVal> 44.503487
<Mixture> 1 <Weight> 0.160000
<Mean>
1685.808472 -421.250031 -6.158334 195.200012 52.508335 -98.241669 5.316667 39.358334 8.883334 
<Inverted_Deviation>
0.003311 0.006824 0.006560 0.012385 0.007151 0.007831 0.036442 0.019671 0.012319 
<LogVarVal> 46.694317
<Mixture> 2 <Weight> 0.622667
<Mean>
937.297607 4.578158 14.922912 12.216274 -16.584581 2.593148 11.713062 -1.066381 5.745182 
<Inverted_Deviation>
0.014668 0.019391 0.024678 0.020215 0.024599 0.024361 0.065563 0.039873 0.051856 
<LogVarVal> 37.245346
<TransP>
-0.127456 -2.123032 -10000000000.000000 -10000000000.000000 -10000000000.000000 -10000000000.000000 
-10000000000.000000 -0.143610 -2.011597 -10000000000.000000 -10000000000.000000 -10000000000.000000 
-10000000000.000000 -10000000000.000000 -0.157523 -1.925910 -10000000000.000000 -10000000000.000000 
-10000000000.000000 -10000000000.000000 -10000000000.000000 -0.167193 -1.871040 -10000000000.000000 
-10000000000.000000 -10000000000.000000 -10000000000.000000 -10000000000.000000 -0.126975 -2.126580 
-10000000000.000000 -10000000000.000000 -10000000000.000000 -10000000000.000000 -10000000000.000000 0.000000 
<EndEmbeddedHMM>
<BeginEmbeddedHMM>
<NumStates> 6
<State> 0
<NumMixes> 3
<Mixture> 0 <Weight> 0.313283
<Mean>
919.440063 -42.200001 48.192001 -22.640001 -8.328000 -2.672000 0.744000 4.672000 0.432000 
<Inverted_Deviation>
0.014068 0.007541 0.015924 0.038843 0.026724 0.044078 0.068454 0.066316 0.070711 
<LogVarVal> 36.478718
<Mixture> 1 <Weight> 0.245614
<Mean>
1177.102051 -31.132652 18.826530 -18.459183 12.918367 -4.887755 -15.908163 9.234694 -0.530612 
<Inverted_Deviation>
0.013880 0.010107 0.012850 0.019452 0.021360 0.036766 0.039634 0.055935 0.070711 
<LogVarVal> 38.227489
<Mixture> 2 <Weight> 0.441103
<Mean>
1034.358032 -70.863640 -32.085228 -19.579546 -3.437500 -3.556818 -1.318182 -0.210227 3.090909 
<Inverted_Deviation>
0.015657 0.014046 0.025439 0.028793 0.048094 0.051686 0.070711 0.070711 0.070711 
<LogVarVal> 34.737331
<State> 1
<NumMixes> 3
<Mixture> 0 <Weight> 0.297391
<Mean>
1195.391846 -11.152047 -3.374269 -141.970764 13.444445 9.479532 -9.941521 9.438597 -1.614035 
<Inverted_Deviation>
0.009338 0.030626 0.061237 0.016658 0.019411 0.060874 0.021122 0.038999 0.066492 
<LogVarVal> 36.751888
<Mixture> 1 <Weight> 0.248696
<Mean>
1350.342651 -7.132867 7.503497 26.762238 -27.993006 5.937063 -51.384613 3.979021 0.671329 
<Inverted_Deviation>
0.010405 0.007754 0.013022 0.009249 0.020066 0.045221 0.029730 0.043201 0.070711 
<LogVarVal> 39.912075
<Mixture> 2 <Weight> 0.453913
<Mean>
969.455933 15.823754 5.846743 -57.099617 11.034483 -0.524904 29.597700 -6.176245 -1.072797 
<Inverted_Deviation>
0.011289 0.025385 0.054864 0.012719 0.040162 0.066494 0.044477 0.053531 0.062821 
<LogVarVal> 35.309593
<State> 2
<NumMixes> 3
<Mixture> 0 <Weight> 0.314706
<Mean>
1161.878418 -126.719620 86.514015 -95.149529 9.551401 -17.130840 0.299065 5.009346 -3.700934 
<Inverted_Deviation>
0.006263 0.006321 0.013917 0.009516 0.012717 0.032913 0.017630 0.024761 0.032231 
<LogVarVal> 43.167862
<Mixture> 1 <Weight> 0.411765
<Mean>
1472.349976 -293.214294 28.857143 4.271429 -9.607142 8.342857 -28.835714 16.928572 -1.514286 
<Inverted_Deviation>
0.006754 0.006430 0.008044 0.004179 0.011724 0.020955 0.015156 0.024213 0.034738 
<LogVarVal> 45.077915
<Mixture> 2 <Weight> 0.273529
<Mean>
1762.494629 -89.881721 -157.967743 -71.150536 12.774194 -44.215054 -46.279572 13.021505 -1.806452 
<Inverted_Deviation>
0.007810 0.004230 0.010562 0.008189 0.009542 0.021746 0.019957 0.021841 0.031746 
<LogVarVal> 44.493191
<State> 3
<NumMixes> 3
<Mixture> 0 <Weight> 0.320334
<Mean>
1549.826050 140.147827 -25.330433 -254.060852 71.869560 31.547825 -26.634781 -32.608696 24.617390 
<Inverted_Deviation>
0.005917 0.005241 0.005756 0.010844 0.011755 0.021490 0.009307 0.012814 0.020583 
<LogVarVal> 46.415089
<Mixture> 1 <Weight> 0.465181
<Mean>
1757.125854 0.029940 -0.443114 123.203598 19.341318 -4.437126 -86.293419 5.910180 0.467066 
<Inverted_Deviation>
0.008040 0.009516 0.012195 0.005428 0.016630 0.025789 0.013929 0.015142 0.025229 
<LogVarVal> 44.150368
<Mixture> 2 <Weight> 0.214485
<Mean>
1167.571411 116.727272 42.688313 -176.168839 -44.779221 -4.064935 86.753250 -10.168831 -21.168831 
<Inverted_Deviation>
0.005698 0.005744 0.009977 0.007542 0.014052 0.017523 0.020710 0.016663 0.021801 
<LogVarVal> 45.080112
<State> 4
<NumMixes> 3
<Mixture> 0 <Weight> 0.205090
<Mean>
1136.839355 -59.474453 11.364964 -183.715332 25.131386 -5.386861 95.204376 1.211679 0.116788 
<Inverted_Deviation>
0.005698 0.015548 0.031937 0.006270 0.023103 0.032930 0.017913 0.027896 0.031006 
<LogVarVal> 41.254906
<Mixture> 1 <Weight> 0.505988
<Mean>
1932.920166 -6.890532 -12.606509 21.449705 -14.656805 0.624260 -51.372780 -10.952662 -0.062130 
<Inverted_Deviation>
0.010294 0.011772 0.037647 0.006818 0.019049 0.050730 0.015023 0.045835 0.070501 
<LogVarVal> 39.312172
<Mixture> 2 <Weight> 0.288922
<Mean>
1598.543945 -85.031082 4.709845 -337.787567 -17.803108 9.917098 -36.461140 16.305698 -2.834197 
<Inverted_Deviation>
0.004944 0.013932 0.030227 0.011861 0.018696 0.034254 0.007905 0.023411 0.039347 
<LogVarVal> 41.851585
<State> 5
<NumMixes> 3
<Mixture> 0 <Weight> 0.323120
<Mean>
1203.715454 -65.043106 165.405167 -101.387932 -30.991379 -10.439655 16.474138 0.448276 -8.715517 
<Inverted_Deviation>
0.003817 0.003887 0.005358 0.012544 0.009855 0.012584 0.023379 0.023843 0.026157 
<LogVarVal> 46.008343
<Mixture> 1 <Weight> 0.309192
<Mean>
1721.333374 104.477478 -23.522524 -86.954956 31.954956 -18.882883 -20.468470 2.009009 -0.882883 
<Inverted_Deviation>
0.007402 0.005071 0.004675 0.005343 0.011728 0.013646 0.013620 0.020945 0.025736 
<LogVarVal> 46.500893
<Mixture> 2 <Weight> 0.367688
<Mean>
1440.469727 279.643951 -5.439394 -121.378792 -0.492424 25.916668 -12.946970 -24.659092 9.833334 
<Inverted_Deviation>
0.005416 0.007557 0.005572 0.005890 0.008887 0.014512 0.017304 0.026155 0.025099 
<LogVarVal> 45.920765
<TransP>
-0.162961 -1.894617 -10000000000.000000 -10000000000.000000 -10000000000.000000 -10000000000.000000 
-10000000000.000000 -0.110203 -2.260026 -10000000000.000000 -10000000000.000000 -10000000000.000000 
-10000000000.000000 -10000000000.000000 -0.194156 -1.734601 -10000000000.000000 -10000000000.000000 
-10000000000.000000 -10000000000.000000 -10000000000.000000 -0.182879 -1.788978 -10000000000.000000 
-10000000000.000000 -10000000000.000000 -10000000000.000000 -10000000000.000000 -0.094113 -2.409944 
-10000000000.000000 -10000000000.000000 -10000000000.000000 -10000000000.000000 -10000000000.000000 0.000000 
<EndEmbeddedHMM>
<BeginEmbeddedHMM>
<NumStates> 6
<State> 0
<NumMixes> 3
<Mixture> 0 <Weight> 0.297491
<Mean>
1159.072266 122.704811 100.367470 -85.204819 -118.855415 -48.271084 16.463856 8.771084 -20.825300 
<Inverted_Deviation>
0.010252 0.010110 0.018210 0.014884 0.017981 0.021628 0.024790 0.022864 0.021264 
<LogVarVal> 41.717587
<Mixture> 1 <Weight> 0.360215
<Mean>
1760.835815 112.606964 -63.955223 -61.636814 69.084572 -18.781094 -14.661692 7.641791 10.960198 
<Inverted_Deviation>
0.007879 0.006651 0.013520 0.012115 0.013091 0.016620 0.029779 0.024990 0.021220 
<LogVarVal> 43.213703
<Mixture> 2 <Weight> 0.342294
<Mean>
1406.958130 302.638733 36.392670 -120.900528 -31.549738 93.209427 -2.371728 -36.162304 -10.356021 
<Inverted_Deviation>
0.007238 0.017757 0.009128 0.013358 0.010757 0.014741 0.022796 0.026340 0.015031 
<LogVarVal> 43.487404
<State> 1
<NumMixes> 3
<Mixture> 0 <Weight> 0.228013
<Mean>
1309.800049 -47.533337 -12.266667 109.023811 -18.523809 -1.228572 -11.976191 1.347619 0.833333 
<Inverted_Deviation>
0.008850 0.016353 0.041417 0.008932 0.048050 0.070711 0.026273 0.070711 0.070711 
<LogVarVal> 36.516315
<Mixture> 1 <Weight> 0.056460
<Mean>
1085.230835 23.576923 52.365387 -44.346157 -79.153847 -67.596153 31.365385 46.980770 32.750000 
<Inverted_Deviation>
0.018986 0.022067 0.027780 0.035024 0.024801 0.040937 0.038834 0.041590 0.052543 
<LogVarVal> 36.131229
<Mixture> 2 <Weight> 0.715527
<Mean>
1097.326294 -6.954476 -1.811836 28.388468 -2.922610 -4.453718 0.751138 1.670713 1.690440 
<Inverted_Deviation>
0.012147 0.013961 0.039054 0.024387 0.031727 0.055558 0.043052 0.054661 0.070711 
<LogVarVal> 35.831940
<State> 2
<NumMixes> 3
<Mixture> 0 <Weight> 0.187661
<Mean>
1453.068481 -101.602737 -2.321918 -76.178085 -7.198630 1.315068 -66.801369 15.547945 1.767123 
<Inverted_Deviation>
0.006605 0.030707 0.058797 0.006593 0.028508 0.053290 0.016112 0.029320 0.054276 
<LogVarVal> 38.570778
<Mixture> 1 <Weight> 0.587404
<Mean>
1091.074463 -39.387310 23.590811 -35.043762 18.774618 6.347921 16.247265 -3.157549 -0.877462 
<Inverted_Deviation>
0.008665 0.009902 0.037092 0.009337 0.020172 0.039995 0.016120 0.030567 0.052218 
<LogVarVal> 40.173172
<Mixture> 2 <Weight> 0.224936
<Mean>
1303.874268 -34.799999 -7.617143 168.965714 -37.000000 -1.314286 1.302857 -9.571428 4.394286 
<Inverted_Deviation>
0.006347 0.005995 0.013162 0.007660 0.013176 0.031967 0.011843 0.029522 0.056422 
<LogVarVal> 43.135925
<State> 3
<NumMixes> 3
<Mixture> 0 <Weight> 0.313452
<Mean>
1346.534424 -80.497978 5.408907 64.643723 29.133604 -8.599191 112.963562 -6.510122 -20.975710 
<Inverted_Deviation>
0.005727 0.012410 0.017700 0.007107 0.008361 0.015698 0.006777 0.009686 0.017804 
<LogVarVal> 46.282154
<Mixture> 1 <Weight> 0.328680
<Mean>
1489.328125 -69.003860 -8.081081 -156.737442 -20.015444 19.490347 -6.625483 14.671814 13.474903 
<Inverted_Deviation>
0.006538 0.010268 0.018877 0.010419 0.012996 0.020038 0.007206 0.011083 0.019066 
<LogVarVal> 44.942333
<Mixture> 2 <Weight> 0.357868
<Mean>
1616.375854 -39.907799 -11.475177 132.478714 14.581560 -6.273049 -51.106380 -5.751773 7.216312 
<Inverted_Deviation>
0.008089 0.010773 0.024795 0.007000 0.011328 0.017685 0.008141 0.013570 0.030323 
<LogVarVal> 44.280262
<State> 4
<NumMixes> 3
<Mixture> 0 <Weight> 0.712090
<Mean>
1728.113647 7.948201 -7.398561 24.959711 -3.847482 -0.952518 -5.348201 0.434532 0.224460 
<Inverted_Deviation>
0.013070 0.019098 0.031834 0.012912 0.021476 0.034402 0.023322 0.037155 0.053011 
<LogVarVal> 38.442360
<Mixture> 1 <Weight> 0.140369
<Mean>
1610.175171 -72.072990 0.306569 -36.379562 -36.481750 -13.532846 21.306570 10.671533 -6.072993 
<Inverted_Deviation>
0.011731 0.014945 0.021246 0.015155 0.015485 0.028910 0.017996 0.019215 0.026107 
<LogVarVal> 41.167953
<Mixture> 2 <Weight> 0.147541
<Mean>
1474.222290 109.243057 -27.388889 117.506943 13.881945 -18.548611 -1.625000 -34.291668 11.868055 
<Inverted_Deviation>
0.007539 0.007021 0.008013 0.009192 0.009018 0.015126 0.019028 0.022149 0.026558 
<LogVarVal> 44.813915
<State> 5
<NumMixes> 3
<Mixture> 0 <Weight> 0.358118
<Mean>
2010.961914 -82.118645 -36.355934 -29.423729 -31.826271 -7.864407 -5.550848 -0.288136 3.224576 
<Inverted_Deviation>
0.010288 0.010102 0.013765 0.016489 0.015377 0.016890 0.029786 0.026334 0.028844 
<LogVarVal> 41.666012
<Mixture> 1 <Weight> 0.484067
<Mean>
1734.633179 -154.780563 12.573668 -47.394981 33.175549 28.821316 -9.194357 14.993730 1.435737 
<Inverted_Deviation>
0.007688 0.004899 0.007667 0.008518 0.009308 0.010152 0.013737 0.015754 0.016697 
<LogVarVal> 46.772266
<Mixture> 2 <Weight> 0.157815
<Mean>
1424.932739 -66.961540 165.701935 -40.163464 105.826927 -19.269232 35.932693 -1.875000 -29.644232 
<Inverted_Deviation>
0.007216 0.003849 0.004623 0.006958 0.010251 0.006782 0.015676 0.015348 0.013844 
<LogVarVal> 48.173454
<TransP>
-0.206262 -1.679968 -10000000000.000000 -10000000000.000000 -10000000000.000000 -10000000000.000000 
-10000000000.000000 -0.119821 -2.181069 -10000000000.000000 -10000000000.000000 -10000000000.000000 
-10000000000.000000 -10000000000.000000 -0.143496 -2.012336 -10000000000.000000 -10000000000.000000 
-10000000000.000000 -10000000000.000000 -10000000000.000000 -0.141540 -2.025107 -10000000000.000000 
-10000000000.000000 -10000000000.000000 -10000000000.000000 -10000000000.000000 -0.112673 -2.239072 
-10000000000.000000 -10000000000.000000 -10000000000.000000 -10000000000.000000 -10000000000.000000 0.000000 
<EndEmbeddedHMM>
<BeginEmbeddedHMM>
<NumStates> 3
<State> 0
<NumMixes> 3
<Mixture> 0 <Weight> 0.419929
<Mean>
1789.449097 33.838982 -29.072035 24.199152 -3.970339 -3.266949 -20.385593 14.216102 -2.949152 
<Inverted_Deviation>
0.011123 0.010203 0.012889 0.012628 0.018064 0.041220 0.017505 0.029241 0.068173 
<LogVarVal> 40.424095
<Mixture> 1 <Weight> 0.320285
<Mean>
1426.494507 259.899994 -12.527778 115.688889 7.633334 -4.883334 -68.599998 -22.211111 15.650001 
<Inverted_Deviation>
0.006107 0.006353 0.006860 0.003923 0.011909 0.014421 0.009576 0.018321 0.030643 
<LogVarVal> 46.634407
<Mixture> 2 <Weight> 0.259786
<Mean>
1071.746582 100.198631 60.164383 129.479446 63.938354 8.356164 22.965754 -13.650684 -13.082191 
<Inverted_Deviation>
0.005886 0.007853 0.011003 0.004400 0.007685 0.013801 0.010039 0.013859 0.027384 
<LogVarVal> 46.698456
<State> 1
<NumMixes> 3
<Mixture> 0 <Weight> 0.056995
<Mean>
1391.197021 -11.863637 -8.348485 268.681824 -4.333333 -4.363636 -24.757576 -3.560606 5.530303 
<Inverted_Deviation>
0.011372 0.016832 0.054860 0.026933 0.032667 0.069585 0.027579 0.031631 0.070711 
<LogVarVal> 36.009792
<Mixture> 1 <Weight> 0.176166
<Mean>
1164.647095 -26.730392 -2.823529 193.495102 -1.676471 -7.446079 55.063728 -2.681373 -1.284314 
<Inverted_Deviation>
0.010279 0.021596 0.070133 0.014022 0.018435 0.068502 0.018392 0.049537 0.070711 
<LogVarVal> 36.813175
<Mixture> 2 <Weight> 0.766839
<Mean>
1003.459473 -8.602478 4.248874 -4.003378 -0.722973 -0.492117 12.911036 -2.371622 0.210586 
<Inverted_Deviation>
0.015743 0.032418 0.070711 0.015876 0.037878 0.070711 0.026967 0.070711 0.070711 
<LogVarVal> 34.357841
<State> 2
<NumMixes> 3
<Mixture> 0 <Weight> 0.347191
<Mean>
1891.964478 -89.077675 -18.372169 54.928806 14.462784 -7.313916 -47.504856 -15.368933 12.368933 
<Inverted_Deviation>
0.005278 0.008501 0.012770 0.006071 0.007834 0.011672 0.013739 0.015173 0.015532 
<LogVarVal> 46.568531
<Mixture> 1 <Weight> 0.401124
<Mean>
1401.756348 -145.134460 2.028011 -75.142860 10.033613 21.683474 6.372549 19.574230 -3.795518 
<Inverted_Deviation>
0.004287 0.008611 0.009260 0.013099 0.008644 0.013885 0.023026 0.022399 0.028375 
<LogVarVal> 44.535439
<Mixture> 2 <Weight> 0.251685
<Mean>
1368.950928 22.723215 24.375002 239.245544 -86.566971 -20.772322 14.330358 18.883930 -13.142858 
<Inverted_Deviation>
0.003583 0.003484 0.005038 0.004793 0.006295 0.010521 0.010180 0.007624 0.011354 
<LogVarVal> 50.638004
<TransP>
-0.108926 -2.271059 -10000000000.000000 
-10000000000.000000 -0.051384 -2.994007 
-10000000000.000000 -10000000000.000000 0.000000 
<EndEmbeddedHMM>
